Analysis performed between 30 and 68.8
Probe No	x		Period		Mean Height		Hi	H1/3	H1/10	Hmax
1		0.0		1.94285851138	159.347098655	0.0159145907014	165.250568307	174.543729749	175.015205768	
2		0.25		1.94160129365	162.18805474	0.0158728262701	166.704244433	176.288925868	180.348338439	
3		0.5		1.94072182369	163.4086336	0.0158454410954	166.664929515	172.524506034	178.78162761	
4		0.75		1.94093825124	162.353751234	0.0158278594883	165.102066462	167.927680625	168.416761749	
5		1.0		1.94213567084	159.320906069	0.0158568695471	162.524494553	169.0376552	170.408217105	
6		1.25		1.94077767444	154.639250883	0.0158724351781	157.686446148	163.842735457	165.151211011	
7		1.5		1.94016487995	149.332090208	0.0158632226808	151.238624603	151.953985297	152.0327699	
8		1.75		1.94009747406	147.226473935	0.0158685579717	149.142737752	149.794704882	150.104376482	
9		2.0		1.93849888303	148.152535246	0.015853867851	150.010929345	150.962267774	151.05208119	
10		2.25		1.93854374997	152.15250858	0.0158244079751	154.077936048	155.557535802	157.037275683	
11		2.5		1.94133649061	157.338962698	0.0157937068621	159.961569126	161.798362561	162.402841925	
12		2.75		1.94192432791	161.820944585	0.0157856492621	165.512276343	168.557752701	170.206239537	
13		3.0		1.94150382652	164.295561814	0.015769794907	168.113065027	173.392363033	175.380426953	
14		3.25		1.94076376199	163.276143322	0.015782629532	166.519731916	170.269298493	173.570419757	
15		3.5		1.94011717955	159.316257636	0.0158382274727	161.801188373	162.721750458	163.041422574	
16		3.75		1.94003740997	153.211203716	0.0158416372628	156.347156771	157.812513884	158.860559821	
17		4.0		1.94067465983	147.840996211	0.0158235396324	150.646994784	152.44584569	152.660972199	
18		4.25		1.93978077705	145.423476764	0.0159049633974	148.552496259	151.17230583	152.225947234	
19		4.5		1.93987327451	146.289383797	0.0159756537744	149.406936948	151.19523363	151.453066227	
20		4.75		1.94157603281	151.11067364	0.0159373156721	154.613413834	157.758074285	160.098758571	
21		5.0		1.94174582195	158.144849012	0.0158752844873	162.800947868	166.067671675	168.092727184	
22		5.25		1.94096574848	163.817694757	0.0158759404411	168.368358628	174.198808195	178.032532993	
23		5.5		1.94041227033	165.51745217	0.0158505642985	169.551957073	173.64488832	175.387506261	
24		5.75		1.94014306273	165.625331973	0.0158547774355	169.170941348	171.774626069	171.929326005	
25		6.0		1.94102238782	163.224346826	0.0158813009142	168.328023406	177.285953671	177.902901804	
26		6.25		1.93967315072	156.420715919	0.0158609341184	161.698107118	169.485321088	170.278151789	
27		6.5		1.93905694575	147.849723523	0.0158010058237	152.113577863	153.989392264	155.121711098	
28		6.75		1.9392300639	143.604620766	0.0157746732894	147.89481387	148.67502967	148.993766847	
29		7.0		1.93834346469	145.19400578	0.0158344033181	149.130496084	152.458776351	153.998503236	
30		7.25		1.93852926728	150.735387855	0.0159125132814	154.152794731	156.037999749	158.117056591	
31		7.5		1.94159892646	156.785077811	0.0158633881044	160.078631434	161.259262144	162.035819007	
32		7.75		1.94206198845	161.843849072	0.015807682815	164.635610617	166.760308824	167.714111381	
33		8.0		1.94148382099	165.16045662	0.0158259273259	167.232873886	168.977323909	170.753137082	
34		8.25		1.94047623198	164.972946419	0.0158391734702	167.621126751	169.458203041	170.037758597	
35		8.5		1.93968805953	161.866424513	0.0158289420519	166.542130818	169.71845629	170.213435498	
36		8.75		1.93987586333	156.370052489	0.0158095458967	161.284954685	164.125130401	165.815582671	
37		9.0		1.94058283594	149.221601036	0.0157819547424	153.347689785	155.624602126	157.292487009	
38		9.25		1.93994310707	144.550179678	0.0157184243332	149.712805352	150.797392618	150.843368529	
39		9.5		1.94014494662	144.947345567	0.0156875204122	149.18915572	151.075033933	151.16638598	
40		9.75		1.94176273715	150.012548701	0.0157237617442	155.273308147	159.325704077	159.768214923	
41		10.0		1.94291195781	156.019973997	0.0157349364567	160.228074748	164.356213974	165.271549842	
42		10.25		1.94064297386	160.688662925	0.015760786947	164.363935309	166.788488665	167.421993262	
43		10.5		1.94003739049	163.702322156	0.0158093031063	167.355691901	169.280730207	170.265956268	
44		10.75		1.94034037288	162.97247942	0.015754399448	168.933800096	177.030465649	180.638286253	
45		11.0		1.94134653103	159.032856597	0.0156524624064	165.595361974	175.173684055	177.197720883	
46		11.25		1.93995633396	153.184677203	0.0156094419916	158.78981884	166.042707187	166.857788784	
47		11.5		1.93920848609	147.854498349	0.0155729283285	152.370194165	154.824513406	154.960308905	
48		11.75		1.93881332603	146.056314219	0.0154997949589	150.95846809	154.607979389	155.503833463	
49		12.0		1.93794037665	147.867378246	0.0155414240823	152.775126065	155.50468348	156.832446167	
50		12.25		1.93789305461	150.66105036	0.0156388469306	155.075653733	155.540051847	155.982747617	
51		12.5		1.94106987343	153.058656274	0.0155617218664	157.026894348	159.1592251	159.693728722	
52		12.75		1.94173439769	156.495373356	0.0155449396303	160.676743272	162.642896848	162.679215119	
53		13.0		1.94114359492	159.115793874	0.015646050438	162.979747024	165.145849569	165.301013094	
54		13.25		1.94052692418	157.528092277	0.0156607345031	161.885349034	163.22488466	164.569836141	
55		13.5		1.93963564905	154.689401015	0.0155755792323	161.099505282	164.581198132	165.704880834	
56		13.75		1.93896090732	152.847637475	0.0155818800673	158.30954452	160.092857834	161.503343191	
57		14.0		1.93858652844	149.404042091	0.0155755646239	154.055154121	156.661219577	157.538220734	
58		14.25		1.93872988186	147.22803189	0.0154978991756	152.338398682	155.49530431	156.055401264	
59		14.5		1.94057520407	148.344240974	0.0154342401483	153.184114661	155.778999466	156.710077908	
60		14.75		1.94222633451	152.473964442	0.0155111095713	157.258225088	159.570263627	160.175098128	
61		15.0		1.94211745128	154.526402494	0.015498670435	157.767150582	159.789043827	160.947926791	
62		15.25		1.94005274728	155.785384059	0.0154364408116	159.547073412	162.771146688	164.914495681	
63		15.5		1.93972189781	156.424844275	0.0155092863621	160.558988821	161.871091141	162.015735724	
64		15.75		1.94016668802	155.382845213	0.0155117964578	162.411447348	171.466451612	172.224755321	
65		16.0		1.93978527651	151.894763733	0.0154118702144	159.973134745	171.086656661	171.519368716	
66		16.25		1.93815847037	149.335765526	0.0155083127186	156.730171194	162.155896105	162.84665644	
67		16.5		1.93885856365	147.591260733	0.0155341378721	154.075379339	155.1812951	155.207662804	
68		16.75		1.93799688337	146.850711572	0.0154719716463	150.960702755	153.344860842	153.607475261	
69		17.0		1.93914148172	149.687426446	0.0155752524018	153.22506845	156.119635315	156.263425828	
70		17.25		1.93759727052	151.922504442	0.0155463981556	154.708273888	155.546077089	156.319444895	
71		17.5		1.94107014712	153.281525465	0.0154372506248	156.637551685	158.959382899	159.480440665	
72		17.75		1.94136709893	156.527594205	0.0154688882195	159.637000363	161.913606977	164.720089753	
73		18.0		1.94020705095	157.552765377	0.0155002234154	161.528650467	163.320869639	164.190583975	
74		18.25		1.93933644973	155.851800808	0.0154748483478	161.712653033	163.724727244	164.201284999	
75		18.5		1.93880960772	153.684562666	0.0155071636528	161.223468105	164.577552012	166.396774318	
76		18.75		1.93924097346	150.135631083	0.015499023397	156.829560074	161.973358674	164.263580672	
77		19.0		1.93881355198	147.012681721	0.0154050778955	152.574191014	154.3858415	155.490739227	
78		19.25		1.93897093563	145.877263312	0.0153996755951	150.447634919	152.353108775	153.303650063	
79		19.5		1.94000151857	147.84493407	0.0154183872751	152.725610522	156.535450055	158.03756688	
80		19.75		1.9411638771	150.885351908	0.0153189445969	155.00037402	157.992113406	158.32869359	
81		20.0		1.94090320637	154.657432738	0.0152646995619	156.938748711	157.964742658	158.203470308	
82		20.25		1.9385554011	156.691410234	0.0152505396388	159.5498233	161.470451514	162.336183559	
83		20.5		1.93906855474	155.435652303	0.015150933192	160.44748981	162.004387043	162.638767696	
84		20.75		1.94102680024	154.170506797	0.0150877293758	161.557360083	168.356995656	169.708131322	
85		21.0		1.94019836254	151.490431419	0.0150523520282	159.506767096	168.279506717	168.762332252	
86		21.25		1.93902518914	146.658139881	0.0149854125223	153.998059593	158.41467286	158.920034609	
87		21.5		1.93947731779	142.319302613	0.0149172326836	147.999297482	150.199869589	150.979186217	
88		21.75		1.93773942856	141.544087542	0.0149395432854	146.045749759	147.483201778	148.283871958	
89		22.0		1.93893715009	143.189099796	0.0149771583194	147.086585196	148.716646117	149.246830837	
90		22.25		1.93851686494	145.629935691	0.014948487816	149.008755639	151.132480783	151.907002887	
91		22.5		1.93927325484	147.857320222	0.0148995414868	151.626101284	154.514740431	156.370730896	
92		22.75		1.93901781898	149.812708511	0.0149068502148	154.262749292	156.990303171	158.179817956	
93		23.0		1.9385750109	150.854640915	0.0150167842173	155.496007283	157.037870687	157.803593502	
94		23.25		1.93800839078	150.839737166	0.0151174402525	156.429921512	158.762536316	159.171217945	
95		23.5		1.93799610931	148.953143629	0.0150867088259	154.72978061	159.733080658	161.812543271	
96		23.75		1.93880636183	145.167907018	0.0150159710821	149.965432191	154.192634343	155.302419978	
97		24.0		1.93790885749	141.743108819	0.0149203597584	145.763660299	146.913659944	147.1169116	
98		24.25		1.93761303434	141.07965382	0.0149084639773	145.417129431	147.340659802	149.230001002	
99		24.5		1.93927176034	145.156067235	0.014977481667	149.967412505	155.754079743	159.228669923	
100		24.75		1.94088600305	150.077387988	0.0150612572275	154.572884038	159.141377483	162.848300913	
101		25.0		1.9395858322	151.620596839	0.0151393051308	155.683219413	157.751382532	158.097744178	
102		25.25		1.93666857035	150.82899497	0.0151400602353	155.19880818	157.258725247	158.478337409	
103		25.5		1.93841559489	148.821622392	0.0151102932773	153.419516512	155.952801979	156.612120847	
104		25.75		1.93994809157	148.319905784	0.0151760993331	154.937457871	161.396304572	161.747211705	
105		26.0		1.93859788434	146.387248571	0.0150586155353	152.896701123	159.117919464	159.232869326	
106		26.25		1.93782928421	144.790209765	0.0149723528378	149.565790391	150.650304875	151.067636485	
107		26.5		1.93782207893	145.56219611	0.0150752820977	149.973473706	151.562250236	151.931118023	
108		26.75		1.93570790014	147.575791285	0.0151290391987	151.99823615	154.089161723	154.592236009	
109		27.0		1.93690366455	149.842098039	0.0151591971518	154.778745512	156.563724855	159.900887759	
110		27.25		1.93456591854	151.559243008	0.0152123462178	156.474020574	158.009166885	161.191309999	
111		27.5		1.93905463185	149.161005015	0.0151616221462	153.755425779	154.846855107	154.848577623	
112		27.75		1.93888317963	147.194307518	0.0150925152266	151.5697981	152.960573853	153.192952554	
113		28.0		1.93863956038	148.033311769	0.0151184308489	152.726320716	154.481407557	154.726563984	
114		28.25		1.93832699116	148.799931967	0.0151173217325	154.648622275	158.846237111	161.069120042	
115		28.5		1.93843436998	148.534476601	0.0150943324258	153.770088689	158.404654178	158.599730127	
116		28.75		1.93851028306	147.669009649	0.015003262334	151.95175632	154.372332977	157.040594586	
117		29.0		1.93747730363	148.270828172	0.0149107458498	151.94992939	153.229350391	153.632920441	
118		29.25		1.9367079533	148.629020151	0.0148056678111	152.544362362	154.884427382	155.92588105	
119		29.5		1.93818948283	148.990794354	0.0146079762333	154.143703148	161.404587082	161.88748767	
120		29.75		1.93969172369	147.821250384	0.014285315604	152.728185501	157.353589702	158.065153429	
121		30.0		1.93923590332	147.277216227	0.0139896388555	151.266204899	153.760069197	155.603918791	
122		30.25		1.93680826038	145.600342884	0.0136676253502	150.176851856	152.841464378	155.285549587	
123		30.5		1.93815057697	143.354390261	0.0133210297705	148.623047921	152.835547743	154.188031855	
124		30.75		1.93955541001	140.672708778	0.0129442427894	147.256634694	155.477772292	157.167816462	
125		31.0		1.93767615101	136.347647338	0.0125277719187	142.744743837	150.848466946	152.717390434	
126		31.25		1.9370779945	130.745429616	0.0120544051776	135.546365114	138.083781232	139.316628636	
127		31.5		1.9365254943	125.500376159	0.0115203907027	128.889176024	130.337253885	130.713843729	
128		31.75		1.93459145432	121.639181427	0.0110033245537	125.255312062	126.198231182	126.564241906	
129		32.0		1.93677161568	118.501325722	0.0104854076807	122.143681259	122.91512893	123.455237813	
130		32.25		1.93754856432	114.860744013	0.00993517187828	118.722766585	121.30151358	123.550974402	
131		32.5		1.9384099185	110.872282735	0.00945865202503	114.737179653	117.412071055	119.903333513	
132		32.75		1.93796273693	106.187608153	0.00904334881266	110.274782451	112.429906201	112.501335617	
133		33.0		1.93741660264	100.025021909	0.00862766664486	103.539966237	104.649268815	105.211932854	
134		33.25		1.93678866969	93.2632809041	0.00824958492723	96.336355651	98.0211777742	99.3022721135	
135		33.5		1.93633124357	86.2765329142	0.00785035540379	89.3376592568	91.0405829575	92.4924675352	
136		33.75		1.93600246695	79.8688736116	0.00742605290313	82.4546699848	82.9060243196	83.0152335631	
137		34.0		1.93470332862	75.9679566616	0.00701379082294	78.2530737668	79.359546638	80.0596957206	
138		34.25		1.9347761821	74.3762753389	0.00659763228962	77.2820961451	82.2137106953	84.222884009	
139		34.5		1.93602985308	73.6937366153	0.00617694358105	77.1548132459	83.5456983888	86.4196290535	
140		34.75		1.93700317251	72.7312313935	0.00577402910902	76.0936795298	80.461984993	82.9487220097	
141		35.0		1.93647029516	69.9255227071	0.00537855562839	72.9482293649	76.783230011	77.941615215	
142		35.25		1.93409982129	65.6179926967	0.00508976254525	68.4238058522	71.7217048552	73.7469465331	
143		35.5		1.93533949562	59.7485320078	0.00486589333591	62.9107616077	66.3597288986	67.1420655606	
144		35.75		1.93551530043	52.7938986349	0.0046699515943	55.9189502311	61.5418717875	62.8726806999	
145		36.0		1.93300760456	45.8110095217	0.00448009504531	48.5980154736	54.569988178	55.4291959585	
146		36.25		1.93088252656	40.6363834425	0.00425689144329	42.7884726316	46.1414786469	46.3944510891	
147		36.5		1.92898792036	38.2225720496	0.00398929527411	39.2245981021	39.7167391936	39.8236609058	
148		36.75		1.92820592727	39.6742820438	0.00369902485773	41.2133242359	42.2370999513	43.9013957954	
149		37.0		1.9302489294	42.4553764391	0.00335906715722	44.2030106596	45.7678202018	47.0280573021	
150		37.25		1.93367837182	44.9090947909	0.00307099173352	46.7402059423	48.5673163877	48.663074431	
151		37.5		1.9336750327	45.097320009	0.00288592366811	47.0630561749	49.5774449906	49.6026668397	
152		37.75		1.93315752198	42.4729639288	0.00285700307431	44.3432135298	47.3051144933	48.0206976298	
153		38.0		1.93173223032	37.2828957768	0.00283151798767	39.0817720515	41.465119906	42.8859166515	
154		38.25		1.92844868134	29.5623999335	0.00281668086277	31.2858119025	33.6549588213	34.5168559794	
155		38.5		1.91976812641	20.3886696112	0.0028056573438	21.9748844269	24.0876601825	24.3928696581	
156		38.75		1.91490038711	13.9787018365	0.0	16.8418078153	19.848620598	19.998630137	
157		39.0		1.90991653044	16.311202763	0.0	19.411654281	24.6861279318	24.7257928926	
158		39.25		1.92490307013	25.0174523391	0.0	27.9464894643	31.5146422138	31.5157158996	
159		39.5		1.92949964374	32.5469137776	0.0	35.3807447205	38.3106619232	39.1594228529	
160		39.75		1.93143364891	37.656087909	1.0	40.3488657416	43.0668601636	44.5766962605	
161		40.0		1.93197772607	39.4745748796	1.0	42.1054155774	44.7395639502	46.4499505511	
