2.463380071599677312e-01
6.001785129443948819e+00
5.303190304556117951e+00
3.493771420146785989e+00
4.787593416674380542e+00
4.869111700139654886e+00
4.293467622301731623e+00
4.535014947967794363e+00
3.723498089821554724e-01
5.773221796179029752e+00
3.130328535650245936e+00
4.372230815705701268e+00
4.053457573650518952e+00
3.581787951193183606e+00
9.660975520140732686e-02
5.707209466529432618e+00
2.031939475736855627e+00
3.666938875359871286e+00
5.784722166909477714e+00
4.183190028347565814e+00
4.143211259964860282e+00
5.681827695268089062e-01
3.531413045973298193e+00
2.683901404693636472e+00
2.945599834343897716e-01
5.291975515841537359e+00
5.060463829567025229e+00
5.988624389214835197e+00
3.220686383523514884e+00
5.653757139462448400e+00
6.132578389208267922e+00
4.790076491763941569e-01
2.491760918052373430e+00
5.493669777091628958e+00
4.253308797738815095e-01
1.563187925337631956e+00
2.158355105856893719e+00
6.136714888381876953e+00
3.548073441062681965e+00
2.440577990317829293e+00
2.876715990973341519e+00
2.956031157696019651e+00
1.174908881429467700e+00
3.808478680580480447e+00
3.299031461029585111e-01
4.870003666354783434e+00
5.846600219526409958e+00
2.906055913543853730e+00
1.636861252946130385e+00
4.487888030113955651e+00
2.914931780500228609e+00
4.232537582892126338e+00
5.094326202863910247e-01
2.632369813060505770e+00
2.368656383995875192e+00
1.808408897561714967e+00
4.061525962374581411e+00
2.239156846017801517e+00
7.320476312511564609e-01
4.403413617992420370e+00
5.654757598959879950e+00
5.934933651272275013e-01
5.818069496295841248e-01
3.174632538816119176e+00
3.155615375798905831e+00
1.483290254649670681e+00
4.974593752268821945e+00
5.982382482536518609e+00
5.980724966262258135e+00
2.439200267042973547e+00
4.186210111022039548e+00
6.205142415442873371e+00
5.622193259334717474e+00
3.608909882375812422e-02
4.312290497908916609e-01
1.965347864695335955e+00
5.835599647832333758e+00
2.687420365144217005e+00
5.144758985121790751e+00
7.571542160787757547e-01
5.744550272165232840e+00
5.562345470085918286e+00
1.220127624257486998e+00
4.081870024099762517e+00
6.136381363885403672e+00
4.693250719049937736e+00
2.127950339678273295e+00
4.398172533965984954e-01
4.944549171801265963e+00
2.220307878038337179e+00
6.112306709702608032e+00
5.414554669345907456e+00
1.895577171438172392e+00
4.157035871671077132e+00
6.017526579057333791e+00
1.310079606150268416e+00
5.655451649258592006e+00
3.562270137433052319e+00
3.817407751442642105e+00
5.626371791853735260e+00
2.018579191692285946e+00
4.534904594600662975e+00
1.464374097228267058e+00
4.828844908604960295e+00
2.442192120825076973e+00
3.427833584331994476e+00
3.889930196545840158e+00
3.667984244496846458e+00
1.581742390192857561e+00
1.687000287520046715e+00
1.084872602246716111e+00
6.282649062600149215e+00
5.773292628792658476e+00
3.905160261881009287e+00
2.264291783882063758e+00
3.351090302386517950e-01
3.671742053309305032e+00
7.909211668794252637e-01
1.788466354729697783e-01
4.686408070351238742e+00
4.776422385373591872e+00
2.342137641594252084e+00
1.986979275352126706e+00
9.457357953630071146e-01
3.410593846634863424e-01
2.675142194947610186e+00
5.660411012998449287e+00
3.489607460945680195e+00
3.817298615711404164e+00
4.077109109823317645e+00
4.106169809936682569e+00
4.755616995439557293e+00
4.485639456016470739e+00
1.609010315590346574e+00
2.481093441072035333e+00
5.397158936270241014e-01
6.057102324944703575e+00
2.396132386644197476e-01
5.984072776191438903e-02
3.693871801690528311e+00
4.951781190670953237e+00
2.134264755311801931e+00
4.186288681579354964e+00
2.673372678719868389e+00
2.859571060212883875e+00
1.675210121688311959e+00
2.638705242407946461e+00
1.650505500766523248e+00
3.308032622118808774e+00
2.173951873900830556e+00
1.728763946096881332e+00
4.801129575946733397e+00
2.107318849589351117e+00
4.983923947000646892e-01
3.625867192617567625e+00
1.117641713633797940e+00
1.428464877544959988e+00
2.830765537200309989e+00
3.714702911005160590e+00
5.242739247249339485e+00
4.806266965127238500e+00
5.560458043290436692e+00
2.040889330406739699e+00
4.719444953114543817e-01
2.297039375373286063e+00
5.579027858901492998e+00
6.172385928854141390e+00
3.144241288177856752e+00
6.017757311377476270e+00
4.918921367645623377e+00
1.964678582259555606e+00
3.003886541204852989e+00
5.410478002062076186e+00
6.341476649304698121e-01
2.071915505176858741e+00
3.578026855287237851e+00
4.300469009089117556e+00
3.390499041666023228e+00
3.160733377662636290e+00
5.848680261864147578e-02
9.271369653177709003e-01
2.198129247628545890e+00
1.926935595522798694e+00
1.056535186584190100e+00
4.868593712728909395e+00
5.836298209284096927e+00
9.779386020738447538e-01
4.856406891802785175e+00
3.984593698084971436e+00
1.009504992691284908e+00
3.106285179755119419e+00
5.594052387544603988e+00
1.003034576423597279e+00
2.286489840359845704e+00
3.419138605057642000e+00
5.686258257417623696e+00
3.075819996874134876e+00
1.288494346512584432e+00
1.283668821469786669e-01
5.596299791012428138e+00
2.805709985713939147e+00
3.402922845678723052e-01
2.389440525001776727e+00
1.431688887099162200e+00
2.403214691477609577e+00
3.380851293376473610e+00
1.313313690224930941e+00
4.862773459957203670e+00
1.911021680598881778e+00
2.094629067677157064e+00
4.260046155818687730e+00
3.996133283429447847e+00
2.978173179762839684e+00
2.993458241034831158e+00
5.225140713267641956e+00
2.205234267463809683e+00
3.001371301245812084e-01
1.168508459501465202e+00
4.350440351343286771e+00
4.381713329152058023e+00
2.158976802132883677e+00
2.845065284924785942e+00
4.705971563100574073e+00
6.715503150760021578e-01
4.034224505621067713e+00
5.471736290022424676e+00
4.879286452175572997e+00
6.275284768201549568e+00
1.671521498409558548e+00
4.442364360818564784e+00
3.532203701202463630e+00
2.065496385665596790e+00
3.267669845252259897e+00
2.188620975150416204e+00
4.117102963535759663e+00
4.981291030796968777e-01
1.345336092523153892e+00
3.184907826543452725e+00
4.001125582592836238e+00
5.933096741436807875e+00
4.762787721167846655e+00
4.697425402796202576e+00
3.861074858291110301e-01
4.301560217483746840e+00
3.958062401845125144e+00
5.156147496403542085e+00
3.308852984871881175e-01
4.104510773239045562e+00
2.614128904958107569e+00
4.854130233086736190e+00
2.917501566401766500e+00
4.872740743058629143e+00
3.374312251019444542e+00
4.294090821195815644e-01
3.315179988727695037e-01
3.815531533891624250e+00
2.521540830845443892e+00
2.666821152246479532e+00
1.995513416362589831e+00
5.737125201221878079e+00
1.513807263551022020e+00
1.862772032304590208e+00
1.798460278923357469e+00
6.524962708203593253e-01
3.329673443906127073e+00
5.942662463696524178e+00
5.782632906744972878e+00
1.777870249074607667e+00
1.471748141370926133e+00
7.330710848954423708e-01
1.971415558001974544e+00
9.709135389878309486e-01
5.546054469940279397e+00
1.214430768353643941e+00
2.308471260463651475e+00
2.201119295765798345e+00
6.065785962482753702e-01
9.561608823477902863e-01
8.726795899599999462e-01
5.319814603275418996e+00
9.615238328708635152e-01
4.184552894847828775e+00
1.575040486288811215e+00
2.433626091404975877e+00
3.849819499417062918e+00
4.273712759197473843e-01
3.197742831285215193e+00
4.035173187923461136e+00
1.812839527664043660e+00
5.470485867268152447e+00
3.617388322604372597e+00
6.710091978669861790e-02
5.030850072489431390e+00
4.910502653076701307e+00
5.316910031547155135e+00
9.836072775940186697e-01
4.455735372782893222e+00
3.529158534631195998e+00
5.403164698151243783e+00
3.262018495671626939e-01
2.193976412127256026e+00
3.831257143230017537e+00
2.068679634350595542e+00
6.055849837957877568e+00
4.823918788602448160e+00
4.197841057636865436e+00
5.053387397284440752e+00
2.785522687128069830e+00
1.241888851561750773e+00
5.752959597258628044e+00
5.284363478142075188e+00
2.989285476562112631e+00
4.478818324739330947e+00
2.838894440178566306e-02
3.450459355730509436e+00
2.982961662013954296e+00
1.202954684062083723e+00
5.721810262598313379e+00
1.241211256238738514e+00
4.242082013234172777e+00
2.176634761429121490e+00
1.473222211321091768e+00
2.855793157644136659e+00
2.296772698039714289e+00
2.619280373833322351e+00
1.488066219298734838e+00
5.593164874043759838e+00
1.662254845375425116e+00
1.874420102640505181e+00
5.122506341482220726e+00
5.509630412932744470e+00
5.543093795989767258e+00
4.568336520079610885e+00
2.122248492985313373e+00
4.372072918518824736e+00
2.279912786394701296e+00
6.124557355108937173e+00
4.785217426793889395e+00
6.202795176996895421e+00
2.035855798064815314e+00
2.580130634685924740e+00
4.650588370395456472e+00
5.966739955406159091e+00
9.527177390481625929e-01
4.152659534761275140e+00
2.976031004823874060e+00
5.772969305039392651e+00
3.047100469895926533e+00
3.633533984585445076e+00
4.168723683114942347e+00
5.925523936320731266e+00
5.307736188608158656e+00
5.873354445684866171e-02
2.048039388743516376e-01
5.259187781133299211e+00
9.217413104672498303e-01
7.895327622057206618e-01
6.089190581595179452e+00
3.937178811435419146e+00
6.213079234345637580e+00
9.195545688903425940e-01
5.368307929967828684e+00
1.635609857332841921e+00
4.344448831758184859e+00
7.264673341769968262e-01
1.455886021744304815e+00
2.380409345525158038e+00
2.982937693165921278e+00
1.489396938047745422e+00
4.177488269739539462e+00
1.267026233216925535e+00
5.195383346424455873e+00
3.629305843563650491e+00
1.064663980582252645e+00
6.162792880763784176e+00
2.598858385647306868e-01
1.307846494467741261e+00
2.850434429208495990e-01
4.760942574289011020e+00
5.686597560520909589e+00
1.686375907477618785e+00
5.683165956200008750e+00
6.892986311106388299e-03
5.631680782197637569e+00
4.763505744781570961e+00
1.112129271376836037e+00
2.020177351865804383e+00
4.634462190971979645e+00
2.397727414784803113e+00
2.928797916019044933e+00
5.619313287768546772e+00
4.759834338757009675e+00
5.581395469528880326e+00
5.383520729701726459e+00
6.088378095904974252e+00
2.716594623273406839e+00
2.495731197875151963e+00
3.844635371434164117e+00
2.009625539872123667e+00
8.046274177455874366e-01
4.033593298399240190e+00
3.086075637833798346e+00
6.190226243591720134e+00
3.541197625574584062e+00
2.568793517019630990e+00
1.734899118898630910e+00
3.250070516449238500e+00
1.707839963825680485e+00
5.750058780776154066e+00
3.977163940594400149e+00
5.121127651286845328e+00
4.960887873420858796e+00
1.090399189078962605e+00
3.982840086533673274e-02
5.381858159737536340e+00
1.429337322181457592e+00
4.814581317301086294e+00
2.310899786472524031e+00
2.312146887495491576e+00
5.379076084152146997e+00
8.575164360266643859e-01
3.699729266216091883e+00
9.423052640949690639e-01
3.445775919976693302e+00
2.425557919530420214e+00
6.230370453130786856e+00
5.156304576656093097e+00
4.928267939519848539e+00
5.589974085538830018e+00
6.111784230677038465e+00
3.576881607699490928e+00
3.246628029763634071e+00
1.406215537618540790e+00
2.855560102742121575e+00
2.756772580130889772e+00
8.271021398597655505e-01
5.448034751880017623e-01
5.550466654629775398e+00
5.303617643220888134e+00
1.498044092652906389e+00
4.589905874244261774e+00
7.419689441592781654e-01
3.447407264860927967e+00
7.310110286518102241e-01
1.082287718465706483e+00
4.930277408770668224e+00
2.090925235200287613e+00
3.580665782108056749e+00
7.155075635631672482e-01
9.171822406383220994e-01
2.619737201442972729e+00
7.801274524072732142e-02
5.660971717433694650e+00
1.735025815845458341e+00
7.977574005943002811e-02
1.351968172145310954e+00
1.488449400563070402e+00
3.548645566283257224e-01
3.263975012830522271e-01
2.241398067771913194e+00
4.033867976882341111e+00
9.265917822297372597e-01
4.438040774063435334e-01
6.189807776499863579e+00
2.467855094004176575e+00
4.894365972184100855e+00
4.546393782271519690e+00
4.766127392162622378e+00
2.932458162882438213e+00
1.098675851324047326e+00
2.984820512225593969e+00
2.521600609716954100e-01
2.074574341138353262e+00
1.482625199090317425e+00
2.356429229742719400e+00
2.048075923154663691e+00
1.590174855915626351e+00
4.642666173265261875e+00
5.120082456432162310e-01
9.459344204324452443e-01
8.655582929494043398e-01
3.849855965514359823e+00
1.621902753932127572e+00
3.754008926647893318e+00
3.337136786705665048e-01
4.734116976642775754e+00
4.684086832369644071e+00
6.244674174849259352e+00
3.661475218530566789e+00
2.235802873036222049e+00
3.633600293195734299e+00
3.825102225065826644e+00
4.844413962957697883e+00
2.665552310542580905e+00
1.105702055522346239e+00
2.416788507024144828e+00
4.342867741430072037e+00
2.085968648608503617e+00
6.238293073747188444e+00
4.085338842686514482e+00
5.150136213970554877e+00
5.145041561113631090e+00
2.679182206612847672e+00
2.631443361264059977e+00
7.629878699253460628e-01
5.347805323039253267e+00
1.499013093040108213e+00
3.128060218740901455e+00
4.839547392651073920e+00
5.809919832047415689e+00
6.984915947416758808e-01
3.801437073971959624e+00
5.784536622588514199e+00
2.393508533272417527e+00
6.885508116083139951e-01
3.936881033446879119e+00
5.635493204227122632e+00
4.571043780940920342e+00
1.924689364314569717e+00
2.301888259032664141e+00
4.901586853944078115e+00
2.171071460820179766e+00
2.508359902172468403e-01
2.831804374082873110e+00
5.984873984850137774e+00
1.733154722389792513e+00
1.232715919094206081e+00
1.978036633745052564e+00
7.120406414115049154e-01
2.285092065398957484e+00
6.969676302348004615e-01
5.965643827673797084e+00
5.799856074952137952e+00
2.457182815314230329e+00
5.048576715521922331e+00
3.450431714439067044e+00
1.316702022947594752e+00
5.440089569873943764e-01
3.220100703979728696e+00
1.603849681916817316e+00
4.458712909964692273e+00
4.156040877335893668e+00
5.408496102362136959e+00
6.172938395180941562e+00
4.517461293059683136e+00
5.024928911860228276e+00
8.310023455969910433e-01
2.844202323709493552e+00
8.819299144162000559e-01
3.922616048594960159e-01
1.276657439496105662e+00
2.841249913699028795e+00
1.746349736643561634e+00
2.089235353705541254e+00
7.193832290868055201e-01
2.624844001067259125e+00
1.889260466241392100e+00
5.769186182883296432e+00
4.842544595737332536e+00
6.612850033111487003e-01
1.342997890846328035e+00
3.465242696111446641e+00
4.448907027287347660e+00
7.892161395490392417e-01
4.898745037899622012e+00
3.610897795254259357e+00
1.281424128256038353e+00
4.508739748774369005e+00
1.639638875812028385e+00
4.673473444791715004e+00
1.080108339037463505e+00
1.447562769880960554e+00
2.695272210768800414e-01
3.566937466602874363e+00
3.065576579334194918e+00
5.811606872362493625e+00
3.286308146337662439e+00
5.917080995622627348e+00
5.112326247568836912e+00
4.167467271366525949e+00
5.405826154930298166e+00
1.469192650199065753e+00
6.090102918190519077e+00
5.489573359673412867e+00
1.660251768897751168e+00
1.235597201543063850e+00
6.217601537125459821e+00
5.535131275998667277e+00
4.812185834506037541e-01
2.734049445289102875e-01
1.121066090261523929e+00
2.799857919313204491e+00
2.322742021125853373e+00
1.729960431477199467e+00
2.644812112332996179e+00
4.001001437383171933e+00
3.482775864393133691e+00
3.374067559926218873e+00
5.193758887609981834e+00
4.240352326641821379e-01
2.461894000235119173e-01
4.884186728812020206e+00
5.976085800023190231e+00
5.325757145324989672e+00
5.859473473861270598e+00
6.115011312099310814e+00
2.342133199275428165e-02
5.729770337980281347e+00
1.994124139753856717e+00
2.244308448742095230e+00
6.067566495786331338e+00
4.496697025733599751e-01
4.390556393442274441e+00
4.769203077890662890e+00
2.167177966143573886e-01
6.197714892077875959e+00
5.883691466614474841e+00
2.944780515876619376e+00
3.151299151118263531e+00
3.184085343683594083e+00
3.215820540996628729e+00
1.431740733994343762e+00
5.483098044543028848e+00
5.108689421526295682e+00
2.111483447446628858e+00
4.607703384965337712e+00
5.974776958626906165e+00
1.279085890477173804e+00
5.404753919729237133e+00
4.465914152450069174e+00
3.573812890436143697e+00
7.763707473343020027e-01
2.919335381726876122e+00
5.913506079887569378e+00
1.642554225421613667e+00
8.931819376399211530e-01
5.148765169145720577e+00
4.712546262994199431e+00
1.999715582041669271e-01
4.046554765786906316e+00
2.302245477258132667e+00
3.805900511738875114e+00
4.091859033435197190e+00
2.316417001163259659e+00
6.685613806315217345e-02
9.696632978492988331e-01
1.994283379296118319e+00
2.373258985266591292e+00
7.427799755328364784e-01
4.725828651354946341e-01
3.333982540668021799e-01
4.076835312436635661e+00
2.140150755552568285e+00
1.709270666734633570e+00
5.500659919758970950e+00
7.618797330081540364e-01
2.103905090204020389e+00
5.947955959521292968e+00
5.239638504448095091e+00
5.258150138098484305e+00
9.735993993315770201e-01
2.685070811273604363e+00
3.365154202062518252e+00
2.207480385777778498e+00
3.109132900008907630e+00
4.155247309521170607e+00
8.927550212706417687e-01
2.373748337636107486e+00
8.072779576079318620e-01
1.442243810638921042e+00
4.589581996633082639e+00
1.796976421696629744e+00
3.560075665365034503e+00
4.926038437985455154e+00
5.545975950694631562e-01
1.179770766978788465e+00
4.540250403219015851e+00
6.094104391914886953e+00
2.287761602125151228e+00
1.757311368968460297e+00
5.960426256449212978e+00
5.828489348765793387e+00
1.045224066127807383e+00
9.674727295336273958e-01
6.081751993391636191e+00
5.691226406870913967e-01
3.286015218736025201e+00
6.216659439763937200e+00
9.379693764193948180e-01
4.772336390243101079e+00
7.654434116483218586e-01
5.128363237447614686e+00
5.777924822441453223e+00
3.661937984251737888e+00
1.672808270760213434e+00
5.018263846413021589e+00
9.408344768963659011e-01
2.285051003828169502e+00
2.453363818072625602e+00
2.273933225752930554e+00
4.370594087558509755e-01
2.912604291128860545e+00
5.084718157076911993e+00
3.436523118602214044e+00
2.440177146502524153e+00
7.161144868062471747e-02
5.707537365800698481e+00
9.750202114542465270e-02
3.336545151900928374e+00
3.908629743315915839e+00
1.698695408644694260e-01
2.696707857118016971e+00
5.268539954080516452e+00
5.257838894197476520e+00
1.355631755121364579e+00
4.570368693967739482e+00
5.023703253588535311e+00
5.333223633108448603e+00
2.367820534150329781e+00
1.748001931223462924e+00
2.822700460573118519e+00
5.355924155883750037e-01
3.526882032876399897e+00
1.987303385608440776e+00
9.521323412288361376e-02
8.963281313779906112e-01
8.497236729514422438e-01
4.942243561401614471e+00
1.514316031772168225e+00
2.043779959231894691e-02
5.436098911028832248e+00
5.661410537870295911e+00
6.246698205153236927e+00
1.777590844855619467e+00
6.102197420200454303e+00
1.597884343034875476e+00
5.692458051775640904e+00
5.073015797439711427e+00
5.399820298251403194e+00
1.188922940478155166e+00
3.406389762807694677e+00
5.944841083580580943e+00
3.619225333363843333e+00
2.116133120523714606e+00
6.141671262391524166e+00
3.526356581401964174e+00
4.031773872455474361e+00
1.698861753136760244e+00
5.907704776576292893e+00
3.096633347291107619e+00
1.009088453509955352e+00
4.104180019985019356e+00
1.018202257553070811e-01
3.052082122523594343e+00
1.798090531100188461e+00
2.921384889087550896e+00
5.179971678542674596e+00
6.226739597703967455e+00
2.078481656033200675e+00
2.314889208462596937e+00
4.654496744444284850e+00
4.050987313988673399e+00
3.764440381139880776e-01
2.560415738235288785e+00
4.681117974765040657e+00
2.696309124424308035e+00
1.983064938775336516e+00
2.577387585478675636e+00
4.193769016963771357e+00
5.693869292456827935e-01
5.956828620789140771e-01
8.711769638621013057e-01
2.625744318639500197e+00
4.061180473333791063e+00
1.734543759180148914e+00
4.780257490229645079e+00
1.307426692734955154e+00
5.664170947627245489e+00
3.378707684547715306e+00
5.531167492426546595e+00
4.223100493406952261e+00
3.777738586538989196e+00
1.487427656419071376e+00
4.873222649768406356e+00
5.484602711280594178e+00
5.831027341583418178e+00
4.300031251224659457e+00
2.426549513632444643e+00
6.463064347708554758e-01
1.080973631319263051e+00
5.948909275747331193e+00
3.562050514280655111e+00
2.112831413434286265e+00
1.180295149746820593e+00
5.663524190257350988e+00
4.747658858575990237e+00
2.289411664909478006e+00
2.258093807413654286e+00
3.635536604329138832e+00
9.590720571026907226e-01
2.212808248457454940e+00
3.139358181781764845e+00
2.566122418118496284e+00
3.229953347382961582e+00
3.557874545925156617e+00
5.803391188715120386e+00
2.035280250142922132e+00
1.451188919625462814e+00
3.053919419431897264e+00
1.666235687812162469e+00
2.085871819863966081e+00
4.568435379210532332e+00
5.488502839142505252e+00
2.682877151500473900e+00
1.648068681045191386e-01
4.592368033821250251e+00
5.564393114076123581e+00
2.559785814504569323e+00
6.105029411730714450e+00
3.916885754718548274e+00
3.629662243763798646e+00
5.951311351710116604e+00
5.470857540783188533e+00
1.564588381914024051e+00
6.068989815257106457e+00
4.555678485322504301e+00
5.911768161189406179e+00
4.189628861476874633e+00
3.722719878069583599e-01
4.876293568373734288e+00
2.724204434317298418e+00
2.257503435217394383e+00
8.462433887132777555e-01
2.065717501227791963e+00
9.070892203428712053e-01
2.771248144711036421e+00
3.776851795482937924e+00
5.836516541680949466e+00
3.978122532305196302e+00
4.641540999657780553e+00
4.476846710130489626e+00
1.117314816505016850e+00
3.879940108747970129e+00
1.143917110676933246e+00
2.640021080090953376e+00
3.037771550296040957e+00
3.387830888049088163e+00
3.336837628750832785e+00
4.391752877721786241e+00
5.579853087226826602e+00
2.938152071943610277e+00
3.923904216514897403e+00
6.271078347074249493e+00
4.802218057990272015e+00
2.017754327342725418e+00
1.815807379978488401e+00
3.461018399259720102e+00
2.583070185309532363e+00
8.336124394916974989e-01
1.103949989635838902e+00
1.110849895559515632e+00
1.034136564374910527e+00
2.127747993042357066e+00
4.851446137844056317e+00
3.857054164313645117e+00
1.071948804115491871e+00
3.776388211210473411e+00
2.711337812830042271e+00
4.245782344458946866e+00
6.154714373174171804e+00
3.033247106782874347e+00
3.421364148795805749e-01
6.649980956810875865e-01
4.989099904092276994e+00
3.782966158307141114e-01
1.266992620702974692e+00
5.033395771605472468e+00
2.968695752821289169e+00
6.228478642639391438e+00
1.231247776364484237e+00
4.004817809034063592e-01
3.541790647875218134e-01
2.767962946168125882e+00
3.990836054927860213e-03
3.084191365916880478e+00
2.066621907914085288e+00
4.688521646381071051e+00
1.351411979165904054e+00
4.835768111101795164e+00
2.347362655383655738e+00
5.788918426977666343e+00
4.433990248841818804e+00
4.450784316741001057e+00
3.841872690903535559e-01
2.984906653823869771e+00
3.297275635340349620e+00
2.479518107980497987e+00
2.293418464545679214e+00
8.442743409796392706e-01
1.288704011800346994e+00
4.343288593332320424e+00
2.786250215756025828e+00
9.343480002522278616e-01
5.506132560421686861e+00
5.752148532995142283e+00
4.755395486158504603e+00
4.805025073532944724e+00
4.939999122238551976e+00
5.334608586953113907e+00
2.235480978034707078e-01
1.257753145907571701e+00
2.729909188453533808e+00
3.715145486667611685e+00
1.719398151035268496e+00
5.436823867263573362e+00
7.494765419087582314e-01
2.336057395678626136e+00
5.344976750155488787e+00
5.017708468534957333e+00
5.800816635245401365e+00
9.559600890684204488e-01
5.819631486096622730e+00
1.551919730324041513e+00
4.136713595931918341e+00
1.794530201864123820e+00
4.367256717124336163e+00
7.605985820250598106e-01
7.977880061471633866e-01
5.858052511550605246e+00
2.997740948223837076e+00
4.665078295464636371e-02
4.907882195952068649e+00
4.466058321232870831e+00
4.154400684698431157e+00
2.127382394818254863e+00
6.306499746824446584e-01
2.961429650101046196e+00
5.615237645031358582e+00
5.186606544173271161e+00
1.549934483747868186e-01
1.351289654400514628e+00
4.804799512797170102e+00
1.446279422940644599e+00
2.917228799542041617e+00
1.563939143447670599e+00
3.832824574824580388e-01
3.062281581351014914e+00
2.895662376880940858e+00
9.732865095416665113e-01
2.444991527332152526e+00
4.454130520543960081e+00
2.783303755802993606e+00
5.924838616134346481e+00
4.075443835191472353e+00
4.124564901888977175e+00
2.364124953569251897e+00
1.579769963954905654e+00
2.361872343909674044e+00
7.264189736762241001e-01
3.181560932634805106e+00
3.458282067567632012e+00
3.657016110550129540e+00
4.883724903641909698e+00
7.365447174262832464e-01
1.175057144060519310e+00
6.246734638152398045e-01
4.510432388024428363e+00
9.727261566047193941e-01
5.257498339443922308e-01
9.938866414558340523e-01
2.019223073892371989e+00
4.339585500242035265e-01
3.092274323430739713e+00
2.440620645525897192e+00
1.155063169910599097e+00
3.448673549598998633e+00
4.068106565403626362e+00
5.754255556798588245e+00
3.966637254343269303e-01
4.806028232460227700e-01
4.750453371651380263e-01
4.193753310705138126e+00
4.505891083921603979e+00
5.845051894077888832e+00
1.122011189726674019e+00
4.722645002726785002e+00
3.972629607974216714e+00
6.228746836966818634e+00
4.810072206799610228e+00
4.606469334452916620e+00
5.835571674273906773e+00
1.037148926196107324e+00
3.644029419732137676e+00
5.704716732260484591e+00
1.151710891028198125e+00
1.392273220956351309e+00
5.348145272563675084e-02
4.734105257704285030e+00
4.812570365785171944e+00
3.564913595360405640e+00
5.305343696895111094e+00
2.327836574685042681e+00
5.369956172820805840e+00
4.424038891043849731e+00
1.776903489291167815e-01
2.385646217213753584e+00
3.670910026659995329e-01
4.610385889766204670e+00
3.063591273351873756e+00
1.679514368663344470e+00
3.974986739303747907e+00
3.501785706653244290e+00
2.945496205873551432e+00
5.162211865309344283e+00
1.322283949923210855e+00
6.083439217727205417e+00
2.512129695366076554e+00
4.346922024962034392e+00
2.976487583575546658e+00
5.959500073607022053e+00
5.830313031206022956e+00
3.700750401684379298e+00
6.967103381572414822e-01
6.023356022510277796e+00
5.170742595665100083e+00
4.979976871889309820e+00
6.082866008604380426e+00
2.216830308806290173e+00
6.197540176159896497e+00
6.451015510505796469e-01
2.206394961325300663e+00
1.007900013708485032e+00
5.463641852972118268e-02
6.401654495097064412e-01
2.888535080086491735e+00
6.208804007600986274e+00
2.953773233064533876e+00
7.336306582457711167e-01
6.830328153138957026e-01
2.597748071115733470e+00
3.756165373478574043e+00
2.784711155682897843e+00
5.319047915654703251e-01
5.085740068585769436e+00
5.311699004901470289e+00
1.804496565561952259e+00
1.560466263244109530e+00
3.549177329843008266e+00
5.849344640918489269e+00
5.991018802271875110e+00
3.636726857614978936e+00
1.157295821802338393e-01
5.753145844501540651e+00
2.964017426582510328e+00
1.901412972876860286e+00
3.120926325451932604e-01
2.185522298420309095e+00
2.185143737126256092e+00
4.532770717024431129e+00
2.738022528874195061e+00
3.847852632955008456e+00
5.249217881451767376e+00
1.733543455816505818e-01
3.116192911917917474e+00
3.620906706462330149e-01
1.125130220714943147e-01
4.360833679912912153e+00
3.762433264572005776e+00
1.193574058453302292e-02
6.156610019026125258e-01
3.431821385225477528e+00
6.466668210324526544e-01
3.704237810537542308e-01
2.504421914039740127e+00
4.094460181989076020e+00
9.075433770976235603e-01
2.858754608260685615e+00
4.103483120463219613e+00
2.194577338492144758e+00
3.113385698882686015e+00
1.420231524301157844e+00
5.965887638655890113e-01
6.126197278244508659e+00
2.411646391680099644e+00
2.466384264721476427e+00
2.307336109056047579e+00
4.441325366613955161e+00
1.490309095572015741e+00
3.083516395224767503e+00
1.139232449559701849e-01
5.642294206337531648e+00
1.669221277706296691e+00
5.249472400821137974e-01
1.339234222593271850e+00
3.556189266566466944e+00
2.040801160809780690e+00
5.315448455118552573e+00
5.926498310262131142e+00
4.470880027508664867e+00
6.044724038559565749e+00
4.616235754469806274e+00
3.144194749896615515e-01
5.800392775297003034e+00
8.545744547720854900e-01
3.422452770160763436e+00
1.355061956470407392e+00
3.775748289576360328e+00
5.724997273661680097e+00
2.781759039819952317e+00
1.903220827153995875e+00
5.753013568919013387e+00
4.883502320729729895e+00
7.098237217337430849e-01
4.295835191524772334e+00
5.715359978758897341e+00
3.055046530848579134e-01
5.271855368554041021e+00
2.404134169363963736e+00
6.123906304166653491e+00
7.575047447641305443e-01
1.128170675828578731e-02
2.193360644782917646e-01
2.264060707881571766e+00
2.662316751587699759e+00
3.974351229839199640e+00
4.891964620176503686e+00
1.187519907167713072e-02
4.054638487878766462e+00
4.421411253252491846e+00
9.242011209003051508e-01
5.672726235936515593e+00
3.002951784367204002e+00
8.484692258458906844e-01
2.606968752744784457e+00
2.642059061574384415e+00
5.273182888511528610e+00
5.128726716703341459e+00
1.291010213938805995e+00
9.654665441979213281e-01
6.013614566681694029e+00
2.161216242852731728e+00
5.171834788490865087e+00
6.236066056534432800e-01
1.739381459850743106e+00
2.027377310346904604e+00
4.301330859349516283e-02
3.437253589372852414e+00
1.398771299773856391e+00
3.852026651359424236e-01
2.766571296280316616e+00
4.553391574231902439e+00
5.064502891330639578e+00
3.461249421425202311e+00
2.544703262656567322e+00
4.812163637497026691e+00
2.138985480939807449e+00
9.572369993705771574e-01
4.736132726100674151e-01
2.731339374748750770e-01
6.209009087661892856e+00
1.190135652202489958e+00
1.116188419537986531e+00
4.223527598033703256e+00
3.413962621462248936e+00
3.963692663088024926e+00
1.702413272027766489e+00
3.635614371821053403e+00
1.585113776892266069e+00
2.102957808272505336e+00
4.236801282454832673e+00
4.341998581788308442e+00
9.171159551156771172e-01
3.349680964826892815e+00
6.026447659553168634e+00
2.999508510855891430e+00
1.392463677007041323e+00
5.836719749603979324e+00
3.405874371132572520e+00
5.356977325911815413e+00
3.021395296878639503e+00
3.671343602590405375e+00
5.659134404361256365e+00
1.089315413341224170e+00
2.875245501709667639e+00
4.161678536940300321e-01
5.068540240526322016e+00
1.193315214155207471e+00
4.852320977508044031e+00
8.992790972018981088e-02
5.435005936076710675e+00
5.487067658561367800e+00
9.850173417935482734e-01
6.025109799433441715e+00
6.231888150183564790e+00
5.964147695594034237e-01
4.174218036426379008e+00
5.788695034583652976e+00
2.411034715534327688e+00
6.876856946851993557e-01
6.063457898476443120e+00
2.875586033855426771e-01
1.584305856659882217e-01
5.659783929902685307e-01
4.526181146458797322e+00
5.698529182407997773e+00
5.737972019337895802e+00
1.302357913111241938e+00
3.309575084399760669e+00
3.266591872688560105e+00
1.108733579287390636e-01
5.426090837931377031e+00
5.498571763706149973e+00
3.841072343298118863e+00
4.099308705680681619e+00
1.693282310407150104e-01
7.940984730349237575e-01
3.765219460848233446e+00
4.891740618106355853e+00
1.929456222138698607e+00
5.663122327936186418e-01
2.456383462370910653e+00
6.086887012624839777e+00
3.493293733848754190e+00
5.505741514646433910e-01
8.632797938113450087e-01
4.309747671736243291e+00
5.747054397600172976e-02
6.164663251218023277e-01
1.083879077749999142e+00
2.636660015281548475e+00
5.895478751927538674e+00
5.138193738977292035e+00
5.637443425569369282e+00
3.554934112028236726e+00
3.937283057557009691e+00
7.802107674975276019e-01
5.636992303408178806e+00
5.774121775063535189e+00
1.781403372404375407e+00
4.699566504424452340e+00
3.828034445159596011e+00
1.491383616933948497e+00
1.229216422769175976e+00
5.701746658266134915e+00
3.012526895264992177e+00
2.983870120105749923e-01
9.967778490615352149e-01
5.783748779107148685e+00
1.186372395092918586e+00
4.452222859551074663e+00
3.414082542171988366e-01
1.045556636010295026e+00
3.954701621524527866e+00
3.878578958597372672e+00
4.449496353272762050e+00
3.502509588082339143e+00
5.258489726148280141e+00
4.075880142126717232e+00
2.234723041060691529e+00
5.589195007115232094e+00
4.634366721161481628e+00
5.792920471669694038e+00
1.089951053480828991e+00
4.201823342913324488e+00
3.551766772873653721e+00
6.090914121765824696e+00
4.666232453445666728e+00
6.274984062999229728e+00
1.167942515228717476e-01
3.877289496202878105e+00
1.717286342911780395e+00
1.373126434154779307e+00
4.346093447377843866e+00
5.380019750651243271e+00
3.977179257784559940e+00
2.352428656352022251e+00
3.348249679504304854e+00
3.708817483081945809e+00
6.076153300178534167e+00
4.046312259604316175e+00
1.645393321850994850e+00
3.386848446533083923e+00
5.846294044998676220e+00
5.767040206153852822e+00
4.663230497828453558e+00
3.155992052852634622e+00
4.122742997571411827e+00
2.516923583431870615e+00
4.224174537802991125e+00
2.984869221768601033e+00
1.081314289616173152e+00
3.594101823176998334e+00
7.779064245629976337e-01
5.149664652071005655e+00
6.597915186011377164e-01
2.593127433216749100e+00
1.577707958400530242e+00
1.910903533432005252e+00
3.829114424579786569e+00
1.783838461238214101e+00
6.040026682545754255e+00
8.453361747753155298e-01
1.436991941256155370e+00
2.774565528318460927e+00
4.158857505700609636e+00
2.284850769315285302e+00
3.714263882161284780e+00
5.495373340450393052e+00
1.748255974030870519e+00
4.488629093989036534e+00
6.161689712706119870e+00
3.427991943966025024e-01
6.071409851250294309e+00
1.835718875379590775e+00
1.962204063233181195e+00
5.664649786310062218e+00
2.581988434831368195e+00
2.434086151047205160e+00
4.332437380413116657e+00
5.935523541807682157e+00
2.181544413319548958e+00
4.682240453344709508e+00
5.952377187818044035e+00
2.383308463865451143e-01
1.761227978081054690e+00
3.137293858108658462e+00
1.353415165622488425e+00
3.223533510517903711e+00
4.867931735518572722e+00
5.795688083653911526e+00
1.501639156474007697e+00
4.966211074950592774e+00
4.389718570655021246e+00
5.853655987981228215e+00
1.440713514753883207e+00
5.950887926460885602e+00
3.903620824254685928e+00
5.490878986794872851e+00
3.170343499625596806e+00
4.454425913758608857e+00
3.909398407330473280e+00
4.014677892288226246e+00
1.632421472888389902e+00
1.646934804064564828e+00
2.707142996154173975e+00
4.164495460537623650e+00
1.246695345837384616e+00
1.059138354990942554e+00
3.686124355696507759e+00
1.572395833183457325e+00
5.111609364077599693e+00
6.179884047863896335e+00
5.901328856944870083e+00
3.783589648179351173e+00
4.208765214588720660e+00
5.019758424443416800e-01
2.560954212684749098e+00
4.500811698478056067e-01
3.827439734598852450e+00
1.406852386103096597e+00
1.721873173887750741e-01
4.122650740426634819e+00
3.358760577662346591e+00
5.336665924342588241e+00
4.543401705853355566e+00
4.503620422888763741e+00
3.225554197816383528e+00
6.095518319489594106e+00
3.908862158871790449e+00
2.686323094893072749e+00
4.602703285284645673e+00
5.618283552884444809e+00
1.205587227764029157e+00
1.897603479805798576e+00
2.258616787037677209e+00
1.468212088320792086e+00
6.807983869094582641e-01
5.120209715088583025e+00
2.712920925486257406e+00
4.967669267838014768e+00
4.784689258611662055e+00
4.158261743759275930e+00
5.082656409203722525e+00
1.497502602078551792e+00
3.307150933948884042e+00
6.516760859580452703e-01
4.584354136962881299e+00
2.826737890127377195e+00
5.803029369913770275e+00
3.967233592503128126e+00
6.289564234723807878e-01
3.144701923173294222e+00
3.729803996266581656e+00
4.375998504309919213e+00
2.028367991960028149e+00
4.314407991830405464e+00
5.218133441374028791e+00
4.980964819373338237e+00
2.533053538447764375e+00
1.811607201993249427e+00
1.099467752771871698e+00
6.098364301797945863e+00
3.010450028215427398e+00
5.127431163978267037e+00
2.526025771676570497e-01
3.134751551862705821e+00
1.112639114616488012e+00
1.031055702190978585e-01
3.654430994891351592e+00
2.854643194527241246e+00
1.995979951851224898e+00
4.179928634729227710e+00
2.814787671446312700e+00
1.837676600018560036e+00
3.075229683527246571e+00
9.057225834468948245e-01
2.803734066384945822e-01
1.653625093452627759e+00
2.134605271043573005e+00
9.160056314146771683e-01
3.598529087006924421e+00
2.753913922100688527e+00
1.506541498001944257e+00
2.221001693009236000e+00
1.849857087660532251e+00
2.860030683769903881e+00
3.396209652331414919e+00
5.640428471734184157e+00
5.481438011380941333e+00
8.818448870225077396e-01
5.062095429080709863e+00
1.778535032263813376e+00
5.777686606245311829e+00
1.726935760568649503e+00
5.148843651349581663e+00
5.038610313997931023e+00
3.753605314438113627e+00
5.804298905271892295e+00
4.235224711107153261e+00
4.253652693299662779e+00
1.028612441800518251e+00
4.256850380159254293e-02
6.629743212893939308e-01
7.068009803595650675e-01
4.735483744737813971e+00
4.162986821225741707e+00
1.194737954807809865e+00
6.101851666203383040e+00
5.213121614632532541e+00
1.157121264870597299e+00
5.592392459873644306e+00
2.677153721060196556e+00
4.121101074833679156e+00
5.416489652746124150e+00
3.773053880969386764e+00
3.936294901030731319e-01
3.023352938939517787e-02
1.363964560984916030e-01
3.837955096602368776e+00
3.503958890334169407e+00
5.556360816281292747e-01
5.057402160144567560e+00
4.923415746489919087e+00
5.653269469944024017e+00
3.904609901601068245e+00
3.538569177168031210e+00
3.683456088185203203e+00
1.038452230335513704e+00
6.223485004571436718e+00
6.695270420782425402e-01
2.267455298478787018e+00
1.578626015455533382e+00
4.291797402123186167e+00
1.641048021081179753e+00
6.182309853037593506e+00
3.343071469228872661e-01
4.220771099100002033e+00
4.336862059593289409e+00
7.924440557286054343e-01
4.951448116186308646e+00
4.641566134687681533e+00
8.125535589567842720e-01
4.868802797291270856e+00
2.113618906377143780e+00
2.168763767473265158e+00
2.098348056640935599e+00
1.679966801485266170e-01
2.298547571702297121e-01
2.547206794842054478e+00
5.126107804476684571e+00
2.897775078548591843e+00
2.838980621162844553e+00
7.697959271895372657e-01
2.091256474351737449e+00
3.471528759885091353e-01
4.576187256429099293e+00
3.803434906303126528e+00
2.758074905410996536e+00
3.126077366935827051e+00
3.870130510762125553e+00
3.993120005102259285e+00
4.499738676066812104e+00
2.743401501036628165e+00
2.928625686776674897e+00
5.951592414329684111e+00
2.099447593333666706e+00
2.734043971589858124e+00
3.741205428060191629e+00
1.398278017220137448e+00
8.341191709545489053e-01
6.233166635660541965e-01
4.858924106633690232e-01
1.128896087100910717e-01
3.797750255026077326e+00
1.925014093299483475e+00
5.096792286581102616e+00
4.299839456541529437e+00
5.442471144653969084e+00
4.592351119866025400e+00
3.656264456440859956e+00
2.794244065414004385e-01
4.434140554191956518e+00
3.454463344795251523e+00
6.240246963382560352e+00
5.437887119410498293e+00
3.116052401703011121e+00
2.196110708328613548e+00
5.154439349623173960e+00
9.916266962187728629e-01
2.556030238879768657e+00
3.212764045413173120e-02
4.716705581750988863e+00
1.466364243354271180e+00
2.884409297734498168e+00
5.234771729088174119e+00
5.157009696131240162e+00
5.526188182027521378e+00
7.348125022317318622e-02
4.276295777623010608e+00
3.013903575303994997e-01
1.047198982006433576e+00
3.073614616817675671e+00
2.041992044240453552e+00
1.050446854378358719e+00
2.008700310686160062e+00
3.783848194245392982e+00
4.780229719195943971e+00
4.953010569131091501e+00
5.754495402307417962e+00
3.038925938849626807e+00
6.241075703974869882e+00
7.523602259619436294e-01
4.438322608632146782e+00
1.517326680566611463e+00
1.525163171811673157e+00
5.166515134764186001e+00
2.582181876697356326e+00
3.489452425329781171e+00
1.761195209873327894e+00
5.504720852461409741e+00
6.188991969740389010e+00
1.583160156917508443e+00
1.768667784145087074e+00
2.065027464759467080e+00
4.431341532016638496e+00
9.417713173184953934e-01
1.082259241426535956e+00
1.551423351483138369e+00
3.841753192804943318e+00
2.704161657151229470e+00
2.145714174485604975e+00
5.234212319780539246e+00
3.426241096716399204e-01
2.335206146853392450e+00
4.830280603516482252e+00
3.774143715831152490e-01
3.627660378258257712e+00
5.815286912036082612e+00
6.138308907663631686e+00
1.163836099732851626e+00
5.166978718019968220e+00
5.246812988263914512e+00
3.565004230328996937e-01
2.795601859042203596e+00
1.541269750297128871e+00
4.108620149326032589e+00
2.071049129564250801e+00
4.244103074452826085e+00
4.515293384798933829e+00
2.644796646445969568e+00
3.793779648449732367e+00
7.848861644028427564e-01
5.267768032689523316e+00
3.131829505316143347e+00
4.372455906568926132e+00
4.966873247593992957e+00
3.643811421609643997e+00
2.637341836365893588e+00
5.828187527929835632e+00
1.212838842524818439e+00
1.324393302476447154e+00
3.996055442001405389e+00
9.708168944701041081e-01
3.224852816872005423e+00
3.994858184538026435e+00
3.716114789433013321e+00
2.144532123452179473e+00
4.329378515713418807e+00
1.933260218077621495e+00
4.590655123543258220e+00
3.371606779758565597e+00
5.470384241118415147e+00
6.028618186024189640e+00
1.788086799648829883e+00
7.122244057153100938e-01
3.607704670697076565e+00
6.281286143970087998e+00
7.444308740773909472e-01
4.362377958655031307e+00
3.759259384051896191e+00
5.082651271053725495e+00
6.150705314294500958e+00
5.072053495378467503e+00
5.251049858861971842e+00
1.206776887863943992e+00
1.417903783595475087e+00
3.052595084592127250e+00
5.543196540789176119e+00
1.370095193111755316e+00
5.178614469873020099e+00
2.885065716158426441e-01
2.675211479177954654e+00
3.742908621456619844e+00
3.446515382330951560e+00
3.486496988727897151e+00
4.794972500219117251e+00
2.488179987156952766e+00
2.433075366671181960e+00
5.833932417394179559e+00
5.790321285986802735e+00
2.672236595161793904e+00
6.404083833932576741e-01
3.379244392566146615e+00
5.679498933723101217e+00
3.294703547978573344e+00
2.245801218253972831e+00
5.036540582462145643e+00
4.045216571931879557e+00
4.840443855633342451e+00
2.120679962835008592e+00
1.639598166913828869e+00
7.966953150707076770e-01
3.703306127674451886e+00
3.870686227557114112e+00
4.514984153085196183e+00
2.232592593167865846e-01
6.208983352159070712e+00
5.323073181343466409e+00
4.995781271610683305e+00
3.219043224565082184e+00
5.090432007858928243e-01
2.483166242307041749e+00
1.385314566962703442e-01
3.303669741549716043e+00
1.031377652088732999e-01
3.159432433442784127e+00
2.614173603802054213e+00
2.671851112972974396e-01
1.455408655514476290e+00
3.364254517946196010e+00
2.793054432881032778e-03
4.187464958882541666e+00
1.059366442674099851e+00
2.302625604475214693e+00
3.790563285385037506e+00
1.773826696676296943e-01
3.933048029538556145e-01
6.736531277312129973e-02
8.869902285617494719e-01
3.518743422202273319e+00
3.788203165829175489e+00
1.400110592309260271e+00
5.710137175171648316e+00
1.860228637717158406e+00
1.545843700429901046e+00
1.837105770725007803e+00
1.808633079736433835e+00
3.901430152387118877e+00
4.673146118535498772e+00
5.471088342567687057e+00
8.638668545087178074e-01
3.045040153102047231e+00
2.965434369698493278e+00
1.402318462211777250e+00
4.225841842860958764e+00
3.145233019559990684e+00
4.430144769261448623e+00
2.599736091468933252e-01
2.911797780450549933e+00
9.688776708072721622e-01
4.111079870607317943e+00
1.374538070591483363e+00
5.384526366058195457e+00
1.445741754898903109e+00
5.044207186818222333e+00
2.533928887543475561e+00
2.715683102323017017e+00
2.246743340528272181e+00
2.392074589080985358e+00
4.440306894545543059e+00
1.895335039894307183e+00
1.754856233800364818e+00
3.281609642712977948e+00
2.296546325778513253e+00
4.894260976912728545e+00
2.273053852611051973e+00
6.212530837587315169e+00
5.144020366604166838e+00
4.963587384235370159e+00
1.221513447358789861e+00
7.391033951738265051e-01
2.770613073305256968e+00
9.357067706389756712e-01
3.166114031085996761e+00
2.834674779929313271e+00
2.937857153959728684e+00
6.242924279641200336e+00
1.741640235217936761e+00
6.430452779454491896e-01
4.182331146832280133e+00
1.577803025408754278e+00
2.204866792751422722e+00
5.432013261847387753e+00
3.468659004672296930e+00
2.061142563227796209e+00
5.916238060430761614e+00
3.667297943060352949e+00
2.556920353853467040e-02
1.288971555685131332e+00
5.128947469393769332e+00
5.839829218370916841e+00
1.423439295582995312e+00
1.327216004691187168e+00
4.304019247727652875e+00
4.149577567823749646e+00
3.618313587841874845e+00
5.736203867941021883e+00
2.544005102021254849e+00
7.411183555981857296e-01
3.012360523738632612e+00
3.045937691830894689e+00
2.894491643849596230e+00
3.219903511062495838e+00
6.073534455180761960e+00
1.679881523341542060e+00
2.513444243470819295e+00
2.758549712004460197e+00
1.609812309488861892e+00
4.577361791869211771e+00
1.320379714731503507e+00
1.813869152132359996e+00
1.201251750355585290e+00
6.533297568800272570e-01
1.995141805656230671e+00
1.164166931994005116e+00
8.382313389560460681e-01
1.454291348192318978e+00
4.630571215738237711e+00
4.071559835486656453e+00
7.835428963788206025e-02
6.092357781105956605e+00
9.737490430431773591e-02
8.479390185752481157e-01
2.321271233127295691e-02
2.428782560786487466e+00
4.616757165229396165e+00
2.923332534263611393e+00
2.555107333640803668e-01
4.347241073571732173e+00
8.046485002859173896e-01
5.655049766737509032e+00
6.231061446049301900e+00
3.236266035331577307e+00
5.022529730232495382e+00
1.303562839406475493e-01
2.940888805539843442e+00
1.434489073626220357e+00
1.861155385614195135e+00
3.377224294790797998e+00
4.088064465735119057e+00
2.224803122081810136e-01
1.620962302923360104e-02
7.230365671036336206e-01
4.487476027439936566e+00
4.578135596561630827e+00
2.292659534760385753e+00
4.872092231894144199e+00
4.809125015973710227e+00
4.615406753497047099e+00
8.056933464675243295e-01
1.132142502436673581e+00
7.791709102743348270e-01
1.416849397419155165e+00
5.024230625199341382e+00
3.346870414536657901e+00
4.278163747046492382e+00
4.918222942351434535e-01
1.670372129083015134e+00
3.701334321184624798e+00
3.697822840105591702e+00
4.622195042792759168e+00
6.145264523197868645e-01
3.271711281524801507e+00
9.730245153176758643e-01
3.884502497813269173e-01
6.153282460150159006e-01
4.294108375050591064e+00
4.387558216538960387e+00
4.425934640160074096e+00
4.657751136155299676e+00
1.683049597941983222e-01
2.903361706898551220e-01
4.889597098547779019e+00
5.823904438684113671e+00
3.244140515388406865e+00
1.831453945579055720e+00
2.970973924785709652e+00
2.686987688497803006e+00
7.443057825405603456e-01
2.237087533199797917e+00
5.472990820501821840e-01
2.463974741406370850e+00
3.329191415981374469e+00
4.483555746080588378e+00
1.762987765460189094e+00
8.154543291022627038e-02
5.544823108661579347e+00
5.277700204875013235e+00
5.346307769789904185e+00
4.394324523605948940e+00
3.617124862674971908e-01
1.398636116620611235e-02
3.177069811025743817e+00
1.142845562730047115e+00
5.336403640558935457e+00
9.288217376121500335e-01
5.344533121260579556e+00
5.956556689263051929e+00
3.789527563901827101e+00
4.822155721636191217e+00
4.746120395242552803e+00
2.261758519728541472e+00
5.070305123338030739e+00
4.935572727961708983e-01
9.107052919956631909e-01
2.720417046353824642e+00
3.156189163527721941e+00
2.859456828830527542e+00
5.197187565037139301e+00
2.646084516916122453e+00
3.584765456010007512e+00
3.251297879694603488e+00
2.525775661622243984e+00
4.373303433873749313e+00
6.022233799858130787e+00
5.394605014445894575e+00
2.224107094001838369e+00
3.926867721481752227e+00
4.669226612894925021e-01
5.766683668097442705e+00
2.621119662291321539e+00
3.107163697669482971e+00
2.863515578604298728e+00
1.656785867994985617e+00
3.533800355192965537e+00
5.632792452285051432e+00
2.619196176814258870e+00
1.744957671067325355e+00
2.533150990333936647e+00
5.100738424144929395e-01
1.117837500870375145e+00
2.104119212982291209e+00
3.111967385081546578e+00
2.100786474346830524e+00
6.072227639954478562e+00
5.720653858640877942e+00
3.071105166210335913e+00
5.982034018728857205e+00
4.399275856756998060e+00
3.765170062811073581e+00
3.140298293374316874e+00
4.795000976187785646e+00
4.158298585873060338e-01
3.826827125732187085e+00
3.968211179790425369e+00
2.619550482052790841e+00
2.242457498586220677e+00
8.233070229788139738e-01
6.104180632210176149e+00
6.216389132354565916e+00
3.508301959394635183e+00
7.577892460902451166e-01
2.346393063412780755e+00
9.611461856705301454e-02
2.228561307319768314e+00
1.984919814775715219e+00
3.446283287351290969e+00
2.308265828779103135e+00
4.553552410281795026e+00
5.484920341266565913e+00
5.785152327551270623e+00
2.441194909264732260e+00
1.930897616094249258e+00
1.763535724367956803e+00
5.718662654759064878e+00
5.546093317744649198e+00
2.754345725041184689e+00
9.159624263921329890e-01
9.254603340843173820e-01
5.013967128600372858e-01
1.607508466547001635e+00
2.824442861989401088e+00
6.122852132785276069e+00
4.222749519160677423e+00
5.077924117353250999e+00
3.592210901541706303e+00
2.449685190988387440e+00
5.007523702259842224e+00
4.325174986334984206e-01
3.859803216115594626e+00
4.228819859018959626e-01
2.331959507721038438e+00
5.176531934328046702e+00
2.417836685500227123e+00
4.769744647025908613e+00
2.774299126192480536e+00
1.784039867681141533e+00
3.587052133868307013e-01
4.134861786424834484e+00
3.283530069619551739e+00
8.160073725582926985e-01
1.183176505031065862e+00
1.083731175287801607e+00
3.222103969078377705e+00
5.155867889405296722e-01
8.835326006470879401e-01
1.808946170310886670e+00
3.639249925131595287e+00
1.473634093797156153e+00
2.321027362891999068e+00
1.349484624492357787e-01
5.668254454750282001e+00
2.300467267657039017e+00
5.001175592739351750e+00
5.078197552174200879e+00
2.979974848024305456e-01
1.617857450052309964e+00
5.880774960156025521e-01
6.064319640249141052e+00
4.693304444250462559e+00
4.782977185690231003e+00
6.450178816306175733e-01
1.972432853448679468e+00
3.200160857013283788e+00
7.470260272860643758e-01
2.801674501747216883e+00
3.900851075228408238e+00
1.539941282260651523e+00
2.589704329937371874e+00
4.424103282643618407e+00
1.594043597514264388e+00
6.129006923056339318e+00
8.509959612273801932e-01
6.282371377000472989e+00
6.049392551073125901e+00
1.319046034402096446e+00
1.808659812272020995e+00
3.107946627174105192e+00
2.312702695881579285e+00
4.985026130898797092e+00
2.231258286332546970e+00
3.582732915415917763e+00
6.000273707767158626e+00
3.681316382305035440e-01
4.911110015101649573e+00
5.130378311113005907e+00
1.267358358045552524e+00
2.253713487261016279e+00
1.050358386924384047e-02
2.758534567069075294e+00
5.972061364205464074e+00
3.229714424182095645e+00
3.010513933115392060e+00
6.165078532647497056e+00
3.402119519306017192e+00
2.787256704065508739e+00
4.241250017751311496e+00
2.393213987641436002e+00
1.724206894403186752e+00
2.070959623349632128e+00
