2.252903661565128918e-02
3.093096737697865972e+00
3.707903071106539716e+00
5.652699170280479635e+00
5.953283187486081651e+00
3.549324497907378806e+00
1.931523070044420254e-01
1.920623529742566005e+00
6.033545178278850507e+00
2.602960442483451597e+00
4.376638094558389369e+00
5.737268471392587443e+00
5.912356516617654073e-02
5.696508561643973678e+00
2.753251967354406027e+00
9.963372339437900349e-01
3.693072938510340020e+00
3.606531836218991316e-01
3.920274459442039561e+00
4.365025923002498587e+00
1.094601163167481239e+00
2.688592109118859597e+00
8.321681574574534279e-01
5.502820733434330869e+00
4.182375817660529127e-01
1.725925457497488713e+00
8.293061460769338700e-01
2.586293544945185374e+00
4.566281107176767051e+00
6.124263602928693651e+00
3.247190637237110433e+00
1.188760001648802689e+00
