0.000000000000000000e+00 1.336194472980220560e+01
9.990999999999999881e-02 1.344151750804706502e+01
1.998300000000000076e-01 1.353390818005823704e+01
2.997400000000000064e-01 1.363850286150821489e+01
3.996500000000000052e-01 1.375438472136280232e+01
4.995600000000000041e-01 1.388226256292539418e+01
5.994699999999999473e-01 1.402023518757043696e+01
6.993899999999999562e-01 1.416619148347102808e+01
7.993000000000000105e-01 1.432648886424530232e+01
8.992099999999999538e-01 1.449608407084547324e+01
9.991200000000000081e-01 1.467753621285696575e+01
1.099029999999999951e+00 1.487283105360592828e+01
1.198949999999999960e+00 1.507361068627473166e+01
1.298859999999999904e+00 1.528720351800900801e+01
1.398770000000000069e+00 1.551667586544053634e+01
1.498680000000000012e+00 1.574878176698315713e+01
1.598589999999999955e+00 1.598794576968455416e+01
1.698509999999999964e+00 1.623265894946431942e+01
1.798419999999999908e+00 1.648329807136956759e+01
1.898330000000000073e+00 1.673417269543055852e+01
1.998240000000000016e+00 1.698509713349033134e+01
2.098149999999999959e+00 1.723752901248479574e+01
2.198069999999999968e+00 1.748557095780315862e+01
2.297979999999999912e+00 1.773231099090913432e+01
2.397889999999999855e+00 1.797807696533369892e+01
2.497799999999999798e+00 1.822583279500685549e+01
2.597719999999999807e+00 1.847562819345002438e+01
2.697630000000000194e+00 1.872981719576659643e+01
2.797540000000000138e+00 1.899172465526448406e+01
2.897450000000000081e+00 1.926398295572595742e+01
2.997360000000000024e+00 1.954757030865180312e+01
3.097280000000000033e+00 1.984254525779136813e+01
3.197189999999999976e+00 2.014715173172616147e+01
3.297099999999999920e+00 2.045875781901595403e+01
3.397009999999999863e+00 2.077165383154290623e+01
3.496919999999999806e+00 2.107711396065891662e+01
3.596839999999999815e+00 2.136726699379430627e+01
3.696750000000000203e+00 2.163279707795293660e+01
3.796660000000000146e+00 2.186526076781304795e+01
3.896570000000000089e+00 2.205410218379007503e+01
3.996480000000000032e+00 2.219439481782076484e+01
4.096400000000000041e+00 2.228252906910935494e+01
4.196310000000000429e+00 2.231763388174593743e+01
4.296219999999999928e+00 2.230482342846070765e+01
4.396130000000000315e+00 2.224987296638847312e+01
4.496050000000000324e+00 2.216488645286615622e+01
4.595959999999999823e+00 2.206134037902904765e+01
4.695870000000000211e+00 2.195384608514356373e+01
4.795779999999999710e+00 2.185594488433156712e+01
4.895690000000000097e+00 2.177946125585209813e+01
4.995610000000000106e+00 2.173358990903702193e+01
5.095519999999999605e+00 2.172564523863910324e+01
5.195429999999999993e+00 2.174992919517439205e+01
5.295340000000000380e+00 2.180898221747418120e+01
5.395249999999999879e+00 2.188947896959099637e+01
5.495169999999999888e+00 2.198194716848081498e+01
5.595080000000000275e+00 2.207195423436460402e+01
5.694989999999999775e+00 2.214267456820898516e+01
5.794900000000000162e+00 2.218312742679803051e+01
5.894809999999999661e+00 2.217611219958599378e+01
5.994729999999999670e+00 2.211691192088913382e+01
6.094640000000000057e+00 2.200127142616577913e+01
6.194549999999999557e+00 2.183279866943492209e+01
6.294459999999999944e+00 2.161812604618331335e+01
6.394379999999999953e+00 2.136819488777968701e+01
6.494290000000000340e+00 2.109742245341411504e+01
6.594199999999999839e+00 2.082317210008978847e+01
6.694110000000000227e+00 2.056329574015408213e+01
6.794019999999999726e+00 2.032961420036485833e+01
6.893939999999999735e+00 2.013811576329327124e+01
6.993850000000000122e+00 1.999353569562023480e+01
7.093759999999999621e+00 1.990254935376515633e+01
7.193670000000000009e+00 1.986148558288201826e+01
7.293580000000000396e+00 1.986732401092668354e+01
7.393500000000000405e+00 1.991815215745880252e+01
7.493409999999999904e+00 1.999023507319863313e+01
7.593320000000000292e+00 2.007874973186460466e+01
7.693229999999999791e+00 2.017122448851849015e+01
7.793140000000000178e+00 2.025941129350834302e+01
7.893060000000000187e+00 2.033272841974877920e+01
7.992969999999999686e+00 2.038665719730823156e+01
8.092879999999999185e+00 2.041696470907280414e+01
8.192790000000000461e+00 2.042202596369949674e+01
8.292709999999999582e+00 2.039917784814734603e+01
8.392620000000000857e+00 2.035659420150395249e+01
8.492530000000000356e+00 2.029154090029321011e+01
8.592439999999999856e+00 2.020686371030810591e+01
8.692349999999999355e+00 2.010545695990889214e+01
8.792270000000000252e+00 1.998639166916394672e+01
8.892179999999999751e+00 1.985457764798928082e+01
8.992089999999999250e+00 1.971097253924867587e+01
9.092000000000000526e+00 1.955918195234796286e+01
9.191910000000000025e+00 1.940298563758114980e+01
9.291829999999999146e+00 1.925439751901983954e+01
9.391740000000000421e+00 1.911444905933260330e+01
9.491649999999999920e+00 1.899487245240482736e+01
9.591559999999999420e+00 1.890440374169427074e+01
9.691470000000000695e+00 1.885826843357454408e+01
9.791389999999999816e+00 1.886273263053101346e+01
9.891299999999999315e+00 1.892474179169115800e+01
9.991210000000000591e+00 1.905042072636733863e+01
1.009112000000000009e+01 1.924500572331632853e+01
1.019103999999999921e+01 1.948971987150757812e+01
1.029095000000000049e+01 1.978087948376065341e+01
1.039085999999999999e+01 2.010733723991312871e+01
1.049076999999999948e+01 2.045082859084375215e+01
1.059068000000000076e+01 2.079218962197138509e+01
1.069059999999999988e+01 2.111366041702078888e+01
1.079050999999999938e+01 2.139767223661378637e+01
1.089042000000000066e+01 2.162842237898776077e+01
1.099033000000000015e+01 2.179696818299251504e+01
1.109023999999999965e+01 2.189910197051356988e+01
1.119016000000000055e+01 2.193759926106328351e+01
1.129007000000000005e+01 2.191540132655100592e+01
1.138997999999999955e+01 2.184725220350012265e+01
1.148989000000000082e+01 2.174909077339993502e+01
1.158980000000000032e+01 2.163696755920524240e+01
1.168971999999999944e+01 2.152993670453279762e+01
1.178963000000000072e+01 2.144596879072462059e+01
1.188954000000000022e+01 2.137869391088850435e+01
1.198944999999999972e+01 2.136763571440048182e+01
1.208937000000000062e+01 2.140098520423994799e+01
1.218928000000000011e+01 2.147645436516589967e+01
1.228918999999999961e+01 2.158741582748757182e+01
1.238909999999999911e+01 2.172192035631015727e+01
1.248901000000000039e+01 2.186658226380918180e+01
1.258892999999999951e+01 2.200467053151346164e+01
1.268884000000000079e+01 2.212508571446037919e+01
1.278875000000000028e+01 2.221328550030869664e+01
1.288865999999999978e+01 2.226005567586480893e+01
1.298856999999999928e+01 2.225843695996712057e+01
1.308849000000000018e+01 2.220678899008597895e+01
1.318839999999999968e+01 2.211347050082698829e+01
1.328830999999999918e+01 2.197957629000188007e+01
1.338822000000000045e+01 2.181443919933303377e+01
1.348812999999999995e+01 2.162897193830958287e+01
1.358805000000000085e+01 2.143419158552311288e+01
1.368796000000000035e+01 2.124001330620901484e+01
1.378786999999999985e+01 2.105766179046381836e+01
1.388777999999999935e+01 2.089149139087117391e+01
1.398769000000000062e+01 2.074746011736354845e+01
1.408760999999999974e+01 2.062871972462832559e+01
1.418751999999999924e+01 2.053613612477361272e+01
1.428743000000000052e+01 2.046910712256790532e+01
1.438734000000000002e+01 2.042460479839357035e+01
1.448725999999999914e+01 2.040296443101942003e+01
1.458717000000000041e+01 2.040060569412227665e+01
1.468707999999999991e+01 2.041562282223577895e+01
1.478698999999999941e+01 2.044547083480280136e+01
1.488690000000000069e+01 2.048690354949396664e+01
1.498681999999999981e+01 2.053689886155652999e+01
1.508672999999999931e+01 2.059226283588688489e+01
1.518664000000000058e+01 2.064945313001046401e+01
1.528655000000000008e+01 2.069909878223601751e+01
1.538645999999999958e+01 2.073531618562083878e+01
1.548638000000000048e+01 2.075103353495308056e+01
1.558628999999999998e+01 2.073848170826710557e+01
1.568619999999999948e+01 2.068881615689553399e+01
1.578611000000000075e+01 2.059587751160413660e+01
1.588602000000000025e+01 2.045856752129394351e+01
1.598593999999999937e+01 2.027128847399871603e+01
1.608585000000000065e+01 2.004007074798989052e+01
1.618575999999999837e+01 1.977130720684582599e+01
1.628566999999999965e+01 1.947699549702491240e+01
1.638559000000000054e+01 1.916648267632463742e+01
1.648549999999999827e+01 1.886873216105533047e+01
1.658540999999999954e+01 1.859836444321060611e+01
1.668532000000000082e+01 1.837431667170217864e+01
1.678522999999999854e+01 1.821098508924638182e+01
1.688514999999999944e+01 1.812370790921085728e+01
1.698506000000000071e+01 1.811885499784117926e+01
1.708496999999999844e+01 1.820110146847206778e+01
1.718487999999999971e+01 1.835947588552766163e+01
1.728479000000000099e+01 1.858442690605690473e+01
1.738470999999999833e+01 1.885712086424756961e+01
1.748461999999999961e+01 1.915572311659694904e+01
1.758453000000000088e+01 1.945317092305482376e+01
1.768443999999999861e+01 1.972506029584886988e+01
1.778434999999999988e+01 1.994493920848084301e+01
1.788427000000000078e+01 2.009723582692733146e+01
1.798417999999999850e+01 2.016739621827481344e+01
1.808408999999999978e+01 2.015713132310955302e+01
1.818400000000000105e+01 2.005154127173649670e+01
1.828391999999999840e+01 1.987117459252313623e+01
1.838382999999999967e+01 1.963052325971318979e+01
1.848374000000000095e+01 1.935404963285409963e+01
1.858364999999999867e+01 1.906621421878977074e+01
1.868355999999999995e+01 1.879459420776566603e+01
1.878348000000000084e+01 1.856218435743792128e+01
1.888338999999999857e+01 1.839048796419500675e+01
1.898329999999999984e+01 1.829213033348222339e+01
1.908321000000000112e+01 1.827303112028057441e+01
1.918311999999999884e+01 1.833142420431085284e+01
1.928303999999999974e+01 1.845613213526537777e+01
1.938295000000000101e+01 1.863010452326433608e+01
1.948285999999999873e+01 1.883252734359883718e+01
1.958277000000000001e+01 1.903748522906847995e+01
1.968268000000000129e+01 1.922071296363414916e+01
1.978259999999999863e+01 1.935925833334682267e+01
1.988250999999999991e+01 1.943388066456940777e+01
1.998242000000000118e+01 1.943504277003069802e+01
2.008232999999999890e+01 1.936073607850965317e+01
2.018224999999999980e+01 1.920875717739883370e+01
2.028216000000000108e+01 1.899549428267740581e+01
2.038206999999999880e+01 1.873165327711694061e+01
2.048198000000000008e+01 1.843891598046490188e+01
2.058189000000000135e+01 1.814277128749140999e+01
2.068180999999999869e+01 1.786459951883097119e+01
2.078171999999999997e+01 1.762393559542365651e+01
2.088163000000000125e+01 1.743745956208588765e+01
2.098153999999999897e+01 1.731429547493000598e+01
2.108145000000000024e+01 1.725925678247448758e+01
2.118137000000000114e+01 1.726521653115482380e+01
2.128127999999999886e+01 1.732802631631746593e+01
2.138119000000000014e+01 1.743253466813758834e+01
2.148110000000000142e+01 1.756019644897030929e+01
2.158100999999999914e+01 1.769287831302213121e+01
2.168093000000000004e+01 1.781288178667191602e+01
2.178084000000000131e+01 1.790462215685691660e+01
2.188074999999999903e+01 1.795386546724860111e+01
2.198066000000000031e+01 1.795128062126291724e+01
2.208058000000000121e+01 1.789552145923166648e+01
2.218048999999999893e+01 1.778659162953582396e+01
2.228040000000000020e+01 1.762943270091866310e+01
2.238031000000000148e+01 1.742767115806460865e+01
2.248021999999999920e+01 1.720398010416695556e+01
2.258014000000000010e+01 1.696260234690662472e+01
2.268005000000000138e+01 1.672008977216012582e+01
2.277995999999999910e+01 1.648708302795828118e+01
2.287987000000000037e+01 1.627140692189857418e+01
2.297978000000000165e+01 1.608337629885491538e+01
2.307969999999999899e+01 1.592434628245652917e+01
2.317961000000000027e+01 1.579829416084093729e+01
2.327952000000000155e+01 1.570425794069890379e+01
2.337942999999999927e+01 1.564179741514668365e+01
2.347934000000000054e+01 1.560738995941864005e+01
2.357926000000000144e+01 1.559611299614314461e+01
2.367916999999999916e+01 1.560386111854973912e+01
2.377908000000000044e+01 1.562683321997103114e+01
2.387899000000000171e+01 1.565732464875265251e+01
2.397890999999999906e+01 1.569558962117113765e+01
2.407882000000000033e+01 1.573575976055331260e+01
2.417873000000000161e+01 1.577722277569027121e+01
2.427863999999999933e+01 1.581721090262008289e+01
2.437855000000000061e+01 1.585317338517535113e+01
2.447847000000000151e+01 1.588393142019928206e+01
2.457837999999999923e+01 1.590753640666329716e+01
2.467829000000000050e+01 1.592553046408451500e+01
2.477819999999999823e+01 1.593657062051184248e+01
2.487810999999999950e+01 1.593895796628592976e+01
2.497803000000000040e+01 1.593327299897885752e+01
2.507794000000000167e+01 1.592165555716686143e+01
2.517784999999999940e+01 1.589485330779657524e+01
2.527776000000000067e+01 1.586135754585941804e+01
2.537766999999999840e+01 1.581738802330806770e+01
2.547758999999999929e+01 1.576462618985068254e+01
2.557750000000000057e+01 1.570136706612126432e+01
2.567740999999999829e+01 1.562788089614590525e+01
2.577731999999999957e+01 1.554729332607691461e+01
2.587723000000000084e+01 1.545828257290326491e+01
2.597715000000000174e+01 1.536162726214101859e+01
2.607705999999999946e+01 1.526024575288197482e+01
2.617697000000000074e+01 1.515559152497898943e+01
2.627687999999999846e+01 1.505038759194051323e+01
2.637679999999999936e+01 1.495054014446975721e+01
2.647671000000000063e+01 1.485485397755350512e+01
2.657661999999999836e+01 1.477028751219912195e+01
2.667652999999999963e+01 1.469737811602213817e+01
2.677644000000000091e+01 1.463955041885106390e+01
2.687635999999999825e+01 1.460002672853556405e+01
2.697626999999999953e+01 1.458020684740547068e+01
2.707618000000000080e+01 1.457886995279060827e+01
2.717608999999999853e+01 1.459471938911631028e+01
2.727599999999999980e+01 1.462575462314646479e+01
2.737592000000000070e+01 1.466734474177095393e+01
2.747582999999999842e+01 1.471557399078902506e+01
2.757573999999999970e+01 1.476382807374807093e+01
2.767565000000000097e+01 1.481071216239748267e+01
2.777555999999999869e+01 1.484887885742653246e+01
2.787547999999999959e+01 1.487499137359038315e+01
2.797539000000000087e+01 1.488512721316703136e+01
2.807529999999999859e+01 1.487847078152557501e+01
2.817520999999999987e+01 1.485222319620205234e+01
2.827513000000000076e+01 1.480760777237354375e+01
2.837503999999999849e+01 1.474405688423314764e+01
2.847494999999999976e+01 1.466493470193431925e+01
2.857486000000000104e+01 1.456812085726988393e+01
2.867476999999999876e+01 1.445784757679467170e+01
2.877468999999999966e+01 1.433359122398180929e+01
2.887460000000000093e+01 1.419930389672258642e+01
2.897450999999999866e+01 1.405656718545692740e+01
2.907441999999999993e+01 1.390627079555084578e+01
2.917433000000000121e+01 1.375445007443235390e+01
2.927424999999999855e+01 1.359981629345464071e+01
2.937415999999999983e+01 1.344948734860539119e+01
2.947407000000000110e+01 1.330730900167566588e+01
2.957397999999999882e+01 1.317830346161357369e+01
2.967389000000000010e+01 1.307016396075173681e+01
2.977381000000000100e+01 1.298603504485534721e+01
2.987371999999999872e+01 1.293113980635445337e+01
2.997363000000000000e+01 1.292084684563957886e+01
3.007354000000000127e+01 1.291947125160331566e+01
3.017345999999999862e+01 1.295329318235382132e+01
3.027336999999999989e+01 1.301088368088988112e+01
3.037328000000000117e+01 1.308075548926990450e+01
3.047318999999999889e+01 1.315356250704905072e+01
3.057310000000000016e+01 1.321483007948009458e+01
3.067302000000000106e+01 1.325385955052005293e+01
3.077292999999999878e+01 1.325791724430890106e+01
3.087284000000000006e+01 1.321665939337698426e+01
3.097275000000000134e+01 1.312503640059541254e+01
3.107265999999999906e+01 1.298185139199202709e+01
3.117257999999999996e+01 1.279289383606371011e+01
3.127249000000000123e+01 1.256283141530052383e+01
3.137239999999999895e+01 1.231411869981219454e+01
3.147231000000000023e+01 1.205280795590220855e+01
3.157222000000000151e+01 1.180122602692598832e+01
3.167213999999999885e+01 1.158486830248169852e+01
3.177205000000000013e+01 1.142208998630043304e+01
3.187196000000000140e+01 1.132241984571175308e+01
3.197186999999999912e+01 1.129855121477352853e+01
3.207179000000000002e+01 1.135474308965349977e+01
3.217170000000000130e+01 1.143902690086382634e+01
3.227161000000000257e+01 1.162925962914441236e+01
3.237151999999999674e+01 1.186073044424696832e+01
3.247142999999999802e+01 1.211918466306146058e+01
3.257135000000000247e+01 1.237727546565891856e+01
3.267125999999999664e+01 1.260942640158668482e+01
3.277116999999999791e+01 1.279461160119057794e+01
3.287107999999999919e+01 1.291460358086402316e+01
3.297099000000000046e+01 1.295667724723792524e+01
3.307090999999999781e+01 1.291465776382617037e+01
3.317081999999999908e+01 1.279113715254263184e+01
3.327073000000000036e+01 1.259787451014111426e+01
3.337064000000000163e+01 1.234654412623741671e+01
3.347055000000000291e+01 1.205625857626182018e+01
3.357047000000000025e+01 1.174904712976172583e+01
3.367038000000000153e+01 1.144536434581923245e+01
3.377029000000000281e+01 1.116666423806865538e+01
3.387019999999999698e+01 1.092597058345139338e+01
3.397012000000000143e+01 1.073792949815927855e+01
3.407003000000000270e+01 1.060844013410961217e+01
3.416993999999999687e+01 1.053936540255771348e+01
3.426984999999999815e+01 1.052601735049955956e+01
3.436975999999999942e+01 1.056246890332077015e+01
3.446967999999999677e+01 1.063977893917207496e+01
3.456958999999999804e+01 1.074459142095683006e+01
3.466949999999999932e+01 1.086652514267283465e+01
3.476941000000000059e+01 1.099486287302188536e+01
3.486932000000000187e+01 1.111860774326807366e+01
3.496923999999999921e+01 1.123081295706136018e+01
3.506915000000000049e+01 1.132964378840934572e+01
3.516906000000000176e+01 1.140653692743356373e+01
3.526897000000000304e+01 1.145513290614005086e+01
3.536887999999999721e+01 1.147550713739504502e+01
3.546880000000000166e+01 1.146300908933538842e+01
3.556871000000000294e+01 1.141452542459181529e+01
3.566861999999999711e+01 1.132891428455869232e+01
3.576852999999999838e+01 1.120233126339331875e+01
3.586845000000000283e+01 1.103200736448321706e+01
3.596835999999999700e+01 1.082072034473874211e+01
3.606826999999999828e+01 1.056927501917576961e+01
3.616817999999999955e+01 1.028315454687939301e+01
3.626809000000000083e+01 9.969927353077018495e+00
3.636800999999999817e+01 9.640906781455296226e+00
3.646791999999999945e+01 9.309533237720994947e+00
3.656783000000000072e+01 8.990701153381376542e+00
3.666774000000000200e+01 8.699786732668421507e+00
3.676765000000000327e+01 8.450320452975340402e+00
3.686757000000000062e+01 8.256643367762178443e+00
3.696748000000000189e+01 8.124878616635335504e+00
3.706739000000000317e+01 8.058302071489020335e+00
3.716729999999999734e+01 8.052778521712495419e+00
3.726720999999999862e+01 8.106367463073743451e+00
3.736713000000000306e+01 8.210534952113615503e+00
3.746703999999999724e+01 8.335397223970016256e+00
3.756694999999999851e+01 8.470007782154125309e+00
3.766685999999999979e+01 8.595559975198058922e+00
3.776677000000000106e+01 8.692052546851128270e+00
3.786668999999999841e+01 8.746102739592718223e+00
3.796659999999999968e+01 8.747155727678075365e+00
3.806651000000000096e+01 8.689506039287486772e+00
3.816642000000000223e+01 8.564445689163278530e+00
3.826633999999999958e+01 8.395579122445468556e+00
3.836625000000000085e+01 8.183767138324100188e+00
3.846616000000000213e+01 7.944370072626697699e+00
3.856607000000000340e+01 7.692342628432987439e+00
3.866597999999999757e+01 7.443251747322507939e+00
3.876590000000000202e+01 7.211838957062845168e+00
3.886581000000000330e+01 7.012728429105560046e+00
3.896571999999999747e+01 6.852682005894367379e+00
3.906562999999999874e+01 6.736779885922658195e+00
3.916554000000000002e+01 6.665787741164878710e+00
3.926545999999999736e+01 6.636537563364105274e+00
3.936536999999999864e+01 6.641914548427055642e+00
3.946527999999999992e+01 6.674008096996938200e+00
3.956519000000000119e+01 6.722421663276017867e+00
3.966510000000000247e+01 6.779917115193746291e+00
3.976501999999999981e+01 6.836357046070263621e+00
3.986493000000000109e+01 6.886732965155354158e+00
3.996484000000000236e+01 6.922052258232469057e+00
4.006474999999999653e+01 6.940125411483633044e+00
4.016467000000000098e+01 6.940555128516513683e+00
4.026458000000000226e+01 6.919214433133124231e+00
4.036449000000000353e+01 6.878217201590506313e+00
4.046439999999999770e+01 6.817097115747200675e+00
4.056430999999999898e+01 6.737353698031950167e+00
4.066423000000000343e+01 6.639534361174756150e+00
4.076413999999999760e+01 6.524678720378454422e+00
4.086404999999999887e+01 6.391687294327014435e+00
4.096396000000000015e+01 6.242766682350485929e+00
4.106387000000000143e+01 6.137449654832263235e+00
4.116378999999999877e+01 5.952475412338080751e+00
4.126370000000000005e+01 5.761095152069499292e+00
4.136361000000000132e+01 5.565635462498224051e+00
4.146352000000000260e+01 5.372317399788326675e+00
4.156342999999999677e+01 5.186307729257298327e+00
4.166335000000000122e+01 5.014920763433053708e+00
4.176326000000000249e+01 4.863672949503674126e+00
4.186316999999999666e+01 4.734481491444968881e+00
4.196307999999999794e+01 4.646233831414438242e+00
4.206300000000000239e+01 4.571406659826980245e+00
4.216290999999999656e+01 4.523188166866285442e+00
4.226281999999999783e+01 4.497975504235443900e+00
4.236272999999999911e+01 4.491922954222586029e+00
4.246264000000000038e+01 4.499759184131986167e+00
4.256255999999999773e+01 4.512341220318318413e+00
4.266246999999999900e+01 4.525940374533351296e+00
4.276238000000000028e+01 4.532743848745014681e+00
4.286229000000000156e+01 4.527728380967749544e+00
4.296220000000000283e+01 4.506120363543192120e+00
4.306212000000000018e+01 4.463144811234468712e+00
4.316203000000000145e+01 4.400267748993117678e+00
4.326194000000000273e+01 4.316776630681501636e+00
4.336184999999999690e+01 4.214101699829349457e+00
4.346175999999999817e+01 4.094101472616724635e+00
4.356168000000000262e+01 3.963046509009767071e+00
4.366158999999999679e+01 3.820110334580882672e+00
4.376149999999999807e+01 3.671779187614109929e+00
4.386140999999999934e+01 3.518637097396283497e+00
4.396132999999999669e+01 3.365250892302374286e+00
4.406123999999999796e+01 3.213395207204080339e+00
4.416114999999999924e+01 3.062237111093591313e+00
4.426106000000000051e+01 2.915321048892569600e+00
4.436097000000000179e+01 2.774544284120741722e+00
4.446088999999999913e+01 2.632610228038053890e+00
4.456080000000000041e+01 2.491881910457652172e+00
4.466071000000000168e+01 2.353080818955823439e+00
4.476062000000000296e+01 2.214997021148226164e+00
4.486052999999999713e+01 2.077121290615054239e+00
4.496045000000000158e+01 1.940000247100974295e+00
4.506036000000000286e+01 1.804892308393548417e+00
4.516026999999999703e+01 1.669776445550042121e+00
4.526017999999999830e+01 1.541595926379284665e+00
4.536008999999999958e+01 1.419006850476105974e+00
4.546000999999999692e+01 1.304232502439715224e+00
4.555991999999999820e+01 1.199040119309551011e+00
4.565982999999999947e+01 1.105129327591806598e+00
4.575974000000000075e+01 1.023582179290611016e+00
4.585965999999999809e+01 9.559608305949993667e-01
4.595956999999999937e+01 9.023970710616415758e-01
4.605948000000000064e+01 8.621187760073911743e-01
4.615939000000000192e+01 8.353195052491622086e-01
4.625930000000000319e+01 8.187879568938648545e-01
4.635922000000000054e+01 8.055407149790445587e-01
4.645913000000000181e+01 8.055420726337235715e-01
4.655904000000000309e+01 8.077697755334444230e-01
4.665894999999999726e+01 8.137049415164985255e-01
4.675885999999999854e+01 8.171739144892176121e-01
4.685878000000000299e+01 8.189831664834905656e-01
4.695868999999999716e+01 8.136048452247079954e-01
4.705859999999999843e+01 8.027346809261773908e-01
4.715850999999999971e+01 7.802028475173727884e-01
4.725842000000000098e+01 7.463269825970897386e-01
4.735833999999999833e+01 7.007480124144433997e-01
4.745824999999999960e+01 6.430923097637746277e-01
4.755816000000000088e+01 5.718859263317037644e-01
4.765807000000000215e+01 4.873694343154473807e-01
4.775798999999999950e+01 3.890266937998414498e-01
4.785790000000000077e+01 2.771897329492566397e-01
4.795781000000000205e+01 1.532016909234598101e-01
4.805772000000000332e+01 1.780749887492655281e-02
4.815762999999999749e+01 -1.272056480868859196e-01
4.825755000000000194e+01 -2.779377182511727495e-01
4.835746000000000322e+01 -4.328205676428317217e-01
4.845736999999999739e+01 -5.871742192619326950e-01
4.855727999999999867e+01 -7.357387077072699011e-01
4.865718999999999994e+01 -8.783918768318368375e-01
4.875710999999999729e+01 -1.004745535653108979e+00
4.885701999999999856e+01 -1.115043756034049816e+00
4.895692999999999984e+01 -1.206525060215227541e+00
4.905684000000000111e+01 -1.277002627643134325e+00
4.915675000000000239e+01 -1.324993615878795605e+00
4.925666999999999973e+01 -1.360521286326502155e+00
4.935658000000000101e+01 -1.381154640491778052e+00
4.945649000000000228e+01 -1.393835694022665050e+00
4.955639999999999645e+01 -1.405710745324535216e+00
4.965630999999999773e+01 -1.423149964584138116e+00
4.975623000000000218e+01 -1.453113279264343083e+00
4.985614000000000345e+01 -1.501462912847784992e+00
4.995604999999999762e+01 -1.573219345037728978e+00
5.005595999999999890e+01 -1.667720977419359096e+00
5.015588000000000335e+01 -1.782177173139919191e+00
5.025578999999999752e+01 -1.928837877440895854e+00
5.035569999999999879e+01 -2.095593606262080133e+00
5.045561000000000007e+01 -2.276264692869029993e+00
5.055552000000000135e+01 -2.465002083959017209e+00
5.065543999999999869e+01 -2.652516212993088374e+00
5.075534999999999997e+01 -2.832433259845849705e+00
5.085526000000000124e+01 -2.999152875413576780e+00
5.095517000000000252e+01 -3.147850344526117006e+00
5.105507999999999669e+01 -3.275908656785757156e+00
5.115500000000000114e+01 -3.381296049352187971e+00
5.125491000000000241e+01 -3.469213433719183115e+00
5.135481999999999658e+01 -3.542388293454424186e+00
5.145472999999999786e+01 -3.605462491678636638e+00
5.155463999999999913e+01 -3.664214179420683060e+00
5.165455999999999648e+01 -3.723999242811510069e+00
5.175446999999999775e+01 -3.789438400953792474e+00
5.185437999999999903e+01 -3.867076811165528483e+00
5.195429000000000030e+01 -3.958152081551835177e+00
5.205420999999999765e+01 -4.064615144450179685e+00
5.215411999999999892e+01 -4.188175145568028057e+00
5.225403000000000020e+01 -4.321124329648519335e+00
5.235394000000000148e+01 -4.470685477825152354e+00
5.245385000000000275e+01 -4.620939478188717864e+00
5.255377000000000010e+01 -4.775339951509026015e+00
5.265368000000000137e+01 -4.929889417311500210e+00
5.275359000000000265e+01 -5.083916532691119095e+00
5.285349999999999682e+01 -5.233884741444921218e+00
5.295340999999999809e+01 -5.379615952377193366e+00
5.305333000000000254e+01 -5.520147256265682145e+00
5.315323999999999671e+01 -5.655478058427298116e+00
5.325314999999999799e+01 -5.782664161415894455e+00
5.335305999999999926e+01 -5.905233945728926237e+00
5.345297000000000054e+01 -6.018628088631471584e+00
5.355288999999999788e+01 -6.121352665664153925e+00
5.365279999999999916e+01 -6.211351922991430463e+00
5.375271000000000043e+01 -6.284545835645307221e+00
5.385262000000000171e+01 -6.341484824818882871e+00
5.395253999999999905e+01 -6.379914153496575757e+00
5.405245000000000033e+01 -6.401475619372104298e+00
5.415236000000000161e+01 -6.407570999914823595e+00
5.425227000000000288e+01 -6.401830662402776539e+00
5.435217999999999705e+01 -6.393756387602493874e+00
5.445210000000000150e+01 -6.389815646889510425e+00
5.455201000000000278e+01 -6.403652066480954197e+00
5.465191999999999695e+01 -6.438322882639197609e+00
5.475182999999999822e+01 -6.505743923078791013e+00
5.485173999999999950e+01 -6.612746334542016768e+00
5.495165999999999684e+01 -6.763702436946272378e+00
5.505156999999999812e+01 -6.956886947981495872e+00
5.515147999999999939e+01 -7.187302993317048916e+00
5.525139000000000067e+01 -7.449445197353983694e+00
5.535130000000000194e+01 -7.728355840829557621e+00
5.545121999999999929e+01 -8.008878431579979917e+00
5.555113000000000056e+01 -8.273337883191041797e+00
5.565104000000000184e+01 -8.504277139722152157e+00
5.575095000000000312e+01 -8.685191673664956369e+00
5.585087000000000046e+01 -8.804136161561356033e+00
5.595078000000000173e+01 -8.855040764295081246e+00
5.605069000000000301e+01 -8.834083785161165991e+00
5.615059999999999718e+01 -8.788919287833076410e+00
5.625050999999999846e+01 -8.644662021576484889e+00
5.635043000000000291e+01 -8.463141600532409825e+00
5.645033999999999708e+01 -8.258197315316889942e+00
5.655024999999999835e+01 -8.053876712007426164e+00
5.665015999999999963e+01 -7.875098579675150035e+00
5.675007000000000090e+01 -7.743088044019344807e+00
5.684998999999999825e+01 -7.674085538958801855e+00
5.694989999999999952e+01 -7.682690832643401357e+00
5.704981000000000080e+01 -7.775495245212455941e+00
5.714972000000000207e+01 -7.953492932561417206e+00
5.724963000000000335e+01 -8.208614526756569774e+00
5.734955000000000069e+01 -8.535225288933887100e+00
5.744946000000000197e+01 -8.914790951078362724e+00
5.754937000000000324e+01 -9.332661241341945413e+00
5.764927999999999741e+01 -9.763092655664657116e+00
5.774920000000000186e+01 -1.019044154347584019e+01
5.784911000000000314e+01 -1.059845227029830461e+01
5.794901999999999731e+01 -1.097093259943054555e+01
5.804892999999999859e+01 -1.130123545449311351e+01
5.814883999999999986e+01 -1.157013610964681405e+01
5.824875999999999721e+01 -1.179614600570937633e+01
5.834866999999999848e+01 -1.196898487825661306e+01
5.844857999999999976e+01 -1.209331895014894265e+01
5.854849000000000103e+01 -1.217352301094374134e+01
5.864840000000000231e+01 -1.221522892421042883e+01
5.874831999999999965e+01 -1.222748058112346570e+01
5.884823000000000093e+01 -1.221236494320091381e+01
5.894814000000000220e+01 -1.217796704281572318e+01
5.904805000000000348e+01 -1.212927222708546360e+01
5.914795999999999765e+01 -1.207099209839302567e+01
5.924788000000000210e+01 -1.200902039595500703e+01
5.934779000000000337e+01 -1.194787220554688822e+01
5.944769999999999754e+01 -1.189500953562166963e+01
5.954760999999999882e+01 -1.185722239892785979e+01
5.964753000000000327e+01 -1.184024429207114615e+01
5.974743999999999744e+01 -1.185138090640030484e+01
5.984734999999999872e+01 -1.189945249106738245e+01
5.994725999999999999e+01 -1.199928287518923220e+01
6.004717000000000127e+01 -1.247910604918518018e+01
6.014708999999999861e+01 -1.269865255886422162e+01
6.024699999999999989e+01 -1.293958321502649156e+01
6.034691000000000116e+01 -1.318686127195322833e+01
6.044682000000000244e+01 -1.343486175366409441e+01
6.054672999999999661e+01 -1.367229886296505903e+01
6.064665000000000106e+01 -1.389401439460118048e+01
6.074656000000000233e+01 -1.409204740747778573e+01
6.084646999999999650e+01 -1.425926503975143689e+01
6.094637999999999778e+01 -1.439691113596366101e+01
6.104628999999999905e+01 -1.450310465982814634e+01
6.114621000000000350e+01 -1.458223823687498211e+01
6.124611999999999767e+01 -1.462801163676308747e+01
6.134602999999999895e+01 -1.464669753879704039e+01
6.144594000000000023e+01 -1.465503278873419823e+01
6.154585000000000150e+01 -1.465135970200883442e+01
6.164576999999999884e+01 -1.464288155117119494e+01
6.174568000000000012e+01 -1.463696818591461302e+01
6.184559000000000140e+01 -1.464110545360852811e+01
6.194550000000000267e+01 -1.465605829611866184e+01
6.204542000000000002e+01 -1.468378230382130134e+01
6.214533000000000129e+01 -1.473546223161631552e+01
6.224524000000000257e+01 -1.480119377269933345e+01
6.234514999999999674e+01 -1.488169204218243635e+01
6.244505999999999801e+01 -1.497881499962725371e+01
6.254498000000000246e+01 -1.508149635068740402e+01
6.264488999999999663e+01 -1.518866583841022688e+01
6.274479999999999791e+01 -1.529374110265133169e+01
6.284470999999999918e+01 -1.538937988448513039e+01
6.294462000000000046e+01 -1.546633829058338527e+01
6.304453999999999780e+01 -1.552620326048599608e+01
6.314444999999999908e+01 -1.557028457431316859e+01
6.324436000000000035e+01 -1.558735533430957609e+01
6.334427000000000163e+01 -1.557719315370401780e+01
6.344418000000000291e+01 -1.554746135897083903e+01
6.354410000000000025e+01 -1.549763772374866555e+01
6.364401000000000153e+01 -1.543218888261202970e+01
6.374392000000000280e+01 -1.536245944720429080e+01
6.384382999999999697e+01 -1.529001476007853277e+01
6.394375000000000142e+01 -1.522763973520364189e+01
6.404366000000000270e+01 -1.518096646902443148e+01
6.414356999999999687e+01 -1.515928982498963329e+01
6.424348000000000525e+01 -1.516974809394162804e+01
6.434338999999999942e+01 -1.521493870979558949e+01
6.444330999999999676e+01 -1.529951441895854103e+01
6.454322000000000514e+01 -1.542923930879649141e+01
6.464312999999999931e+01 -1.559317641495736595e+01
6.474303999999999348e+01 -1.579312281114317429e+01
6.484295000000000186e+01 -1.603029613328785885e+01
6.494286999999999921e+01 -1.628532420590358498e+01
6.504277999999999338e+01 -1.655587773763967618e+01
6.514269000000000176e+01 -1.683651068256801508e+01
6.524259999999999593e+01 -1.711263332780368884e+01
6.534251000000000431e+01 -1.737259004533113327e+01
6.544243000000000166e+01 -1.761057047735035752e+01
6.554233999999999583e+01 -1.781892915380903730e+01
6.564225000000000421e+01 -1.798913150599810962e+01
6.574215999999999838e+01 -1.812682066496373423e+01
6.584207999999999572e+01 -1.822477102621873613e+01
6.594199000000000410e+01 -1.828581758006838953e+01
6.604189999999999827e+01 -1.831572809721310335e+01
6.614181000000000665e+01 -1.832644879370826629e+01
6.624172000000000082e+01 -1.832263834868382801e+01
6.634163999999999817e+01 -1.830785177864836655e+01
6.644155000000000655e+01 -1.830556859103081280e+01
6.654146000000000072e+01 -1.831378489509028995e+01
6.664136999999999489e+01 -1.835495364048373901e+01
6.674128000000000327e+01 -1.842774000512028110e+01
6.684120000000000061e+01 -1.853888975936091654e+01
6.694110999999999478e+01 -1.869954252946390838e+01
6.704102000000000317e+01 -1.889982161392108040e+01
6.714092999999999734e+01 -1.914252700972689425e+01
6.724084000000000572e+01 -1.942034550697528772e+01
6.734076000000000306e+01 -1.972169334075597646e+01
6.744066999999999723e+01 -2.005199681404400280e+01
6.754058000000000561e+01 -2.038955870087624334e+01
6.764048999999999978e+01 -2.072848257416302431e+01
6.774040999999999713e+01 -2.105012113526030504e+01
6.784032000000000551e+01 -2.135013668707145484e+01
6.794022999999999968e+01 -2.161523598915034228e+01
6.804013999999999385e+01 -2.184184318654645551e+01
6.814005000000000223e+01 -2.202180799113741827e+01
6.823996999999999957e+01 -2.215438061040300610e+01
6.833987999999999374e+01 -2.223814038372815460e+01
6.843979000000000212e+01 -2.228373300238373744e+01
6.853969999999999629e+01 -2.229050865357385547e+01
6.863961000000000467e+01 -2.226621101725018903e+01
6.873953000000000202e+01 -2.222271613337427709e+01
6.883943999999999619e+01 -2.216498252939679148e+01
6.893935000000000457e+01 -2.210501231041473957e+01
6.903925999999999874e+01 -2.205007249595288954e+01
6.913916999999999291e+01 -2.201480200376687080e+01
6.923909000000000447e+01 -2.199145145325188722e+01
6.933899999999999864e+01 -2.199732440679930079e+01
6.943891000000000702e+01 -2.202434770232901329e+01
6.953882000000000119e+01 -2.207860721092051293e+01
6.963873999999999853e+01 -2.215536562141840449e+01
6.973865000000000691e+01 -2.224972511064157743e+01
6.983856000000000108e+01 -2.235519559936431122e+01
6.993846999999999525e+01 -2.246745319577574307e+01
7.003838000000000363e+01 -2.257993156806899648e+01
7.013830000000000098e+01 -2.269485201631109916e+01
7.023820999999999515e+01 -2.278975820642760652e+01
7.033812000000000353e+01 -2.287056153631215594e+01
7.043802999999999770e+01 -2.292764145752068927e+01
7.053794000000000608e+01 -2.297557262253067023e+01
7.063786000000000342e+01 -2.300975312263951267e+01
7.073776999999999759e+01 -2.303246958912565745e+01
7.083768000000000598e+01 -2.304958428155290662e+01
7.093759000000000015e+01 -2.307015445200455872e+01
7.103749999999999432e+01 -2.309393164392101738e+01
7.113742000000000587e+01 -2.313487866914871560e+01
7.123733000000000004e+01 -2.318648562606764330e+01
7.133723999999999421e+01 -2.326528425696404057e+01
7.143715000000000259e+01 -2.336931031471375420e+01
7.153706999999999994e+01 -2.350708463283742589e+01
7.163697999999999411e+01 -2.366415957627826927e+01
7.173689000000000249e+01 -2.384302254641808361e+01
7.183679999999999666e+01 -2.404455580435777406e+01
7.193671000000000504e+01 -2.426612133112636371e+01
7.203663000000000238e+01 -2.447849073200091397e+01
7.213653999999999655e+01 -2.469014432946974935e+01
7.223645000000000493e+01 -2.488485091896754753e+01
7.233635999999999910e+01 -2.506845089234254331e+01
7.243626999999999327e+01 -2.522999253780179174e+01
7.253619000000000483e+01 -2.536028311320536233e+01
7.263609999999999900e+01 -2.546350288389759697e+01
7.273600999999999317e+01 -2.553852058823757432e+01
7.283592000000000155e+01 -2.559276070388840196e+01
7.293582999999999572e+01 -2.562437292608692019e+01
7.303574999999999307e+01 -2.564605024863118388e+01
7.313566000000000145e+01 -2.566114075522504478e+01
7.323556999999999562e+01 -2.569050021082019342e+01
7.333548000000000400e+01 -2.572764134437497319e+01
7.343538999999999817e+01 -2.578654816268998928e+01
7.353530999999999551e+01 -2.587557536230479016e+01
7.363522000000000389e+01 -2.599166958859666110e+01
7.373512999999999806e+01 -2.614824337005202182e+01
7.383504000000000644e+01 -2.633396094346883842e+01
7.393496000000000379e+01 -2.655629251190164908e+01
7.403486999999999796e+01 -2.680247006235507001e+01
7.413478000000000634e+01 -2.706717394604316596e+01
7.423469000000000051e+01 -2.734071987787539726e+01
7.433459999999999468e+01 -2.760908777893683208e+01
7.443452000000000623e+01 -2.786915677556052984e+01
7.453443000000000040e+01 -2.810996464478672152e+01
7.463433999999999457e+01 -2.831906588578914707e+01
7.473425000000000296e+01 -2.849253154170153479e+01
7.483415999999999713e+01 -2.863181791626882955e+01
7.493407999999999447e+01 -2.872895822851645420e+01
7.503399000000000285e+01 -2.879097704151881842e+01
7.513389999999999702e+01 -2.882543482217178266e+01
7.523381000000000540e+01 -2.882267202252583971e+01
7.533371999999999957e+01 -2.881516661846101357e+01
7.543363999999999692e+01 -2.880477886814222543e+01
7.553355000000000530e+01 -2.880139021577533853e+01
7.563345999999999947e+01 -2.880920188000819948e+01
7.573336999999999364e+01 -2.884535326548637002e+01
7.583329000000000519e+01 -2.892105037874629048e+01
7.593319999999999936e+01 -2.903189865290791261e+01
7.603310999999999353e+01 -2.918166880762010962e+01
7.613302000000000191e+01 -2.936753309476112861e+01
7.623292999999999608e+01 -2.958214176956800046e+01
7.633284999999999343e+01 -2.982082951734575715e+01
7.643276000000000181e+01 -3.007847436608220093e+01
7.653266999999999598e+01 -3.032384623038465321e+01
7.663258000000000436e+01 -3.055605649122886192e+01
7.673248999999999853e+01 -3.076070332797586460e+01
7.683240999999999588e+01 -3.092266486201191000e+01
7.693232000000000426e+01 -3.103282079457062181e+01
7.703222999999999843e+01 -3.107920631340574502e+01
7.713214000000000681e+01 -3.106318872602906112e+01
7.723205000000000098e+01 -3.098375062767928867e+01
7.733196999999999832e+01 -3.084298947364610655e+01
7.743188000000000670e+01 -3.065353458219916760e+01
7.753179000000000087e+01 -3.042676308519796891e+01
7.763169999999999504e+01 -3.017667596864089674e+01
7.773162000000000660e+01 -2.992104904758462425e+01
7.783153000000000077e+01 -2.967060270434899039e+01
7.793143999999999494e+01 -2.945282002319108017e+01
7.803135000000000332e+01 -2.927807439103308695e+01
7.813125999999999749e+01 -2.917613211238865389e+01
7.823117999999999483e+01 -2.913510783232961643e+01
7.833109000000000322e+01 -2.917162945857818102e+01
7.843099999999999739e+01 -2.928882250396952003e+01
7.853091000000000577e+01 -2.948307271342557456e+01
7.863081999999999994e+01 -2.975141936540363474e+01
7.873073999999999728e+01 -3.007561591483242225e+01
7.883065000000000566e+01 -3.045070328894561129e+01
7.893055999999999983e+01 -3.084828384218224073e+01
7.903046999999999400e+01 -3.136480906807750557e+01
7.913038000000000238e+01 -3.176982940765076435e+01
7.923029999999999973e+01 -3.215686058611742482e+01
7.933020999999999390e+01 -3.248684763566485856e+01
7.943012000000000228e+01 -3.275648111878361846e+01
7.953002999999999645e+01 -3.295100343463697357e+01
7.962994999999999379e+01 -3.307849265549732110e+01
7.972986000000000217e+01 -3.312031433195490848e+01
7.982976999999999634e+01 -3.309723282294812918e+01
7.992968000000000472e+01 -3.302676827978994112e+01
8.002958999999999889e+01 -3.289380669655637490e+01
8.012950999999999624e+01 -3.273026449365806201e+01
8.022942000000000462e+01 -3.255028438646424860e+01
8.032932999999999879e+01 -3.237882546371751857e+01
8.042923999999999296e+01 -3.220939540107303856e+01
8.052915000000000134e+01 -3.208329155187138326e+01
8.062906999999999869e+01 -3.199159835828600507e+01
8.072898000000000707e+01 -3.195393275499091956e+01
8.082889000000000124e+01 -3.197264381305131664e+01
8.092879999999999541e+01 -3.204321638802939987e+01
8.102871000000000379e+01 -3.218022433904058488e+01
8.112863000000000113e+01 -3.237243136729733095e+01
8.122853999999999530e+01 -3.260892931827915930e+01
8.132845000000000368e+01 -3.288096211989871875e+01
8.142835999999999785e+01 -3.318226132198418554e+01
8.152827999999999520e+01 -3.351053468005414260e+01
8.162819000000000358e+01 -3.383456644296106930e+01
8.172809999999999775e+01 -3.416142196829755306e+01
8.182801000000000613e+01 -3.447362001227457995e+01
8.192792000000000030e+01 -3.477115250802434332e+01
8.202783999999999764e+01 -3.503581404563182389e+01
8.212775000000000603e+01 -3.527147376673109846e+01
8.222766000000000020e+01 -3.547234272609544803e+01
8.232756999999999437e+01 -3.563241718367760313e+01
8.242748000000000275e+01 -3.575974570280414611e+01
8.252740000000000009e+01 -3.584189262751687721e+01
8.262730999999999426e+01 -3.588670979241241099e+01
8.272722000000000264e+01 -3.590105873846510320e+01
8.282712999999999681e+01 -3.588006247431932394e+01
8.292704000000000519e+01 -3.583580038802521273e+01
8.302696000000000254e+01 -3.576866832138263419e+01
8.312686999999999671e+01 -3.568149898736233894e+01
8.322678000000000509e+01 -3.558375828820009446e+01
8.332668999999999926e+01 -3.548446342882353832e+01
8.342660999999999660e+01 -3.538067403469552374e+01
8.352652000000000498e+01 -3.528120894743911862e+01
8.362642999999999915e+01 -3.519222681568758304e+01
8.372633999999999332e+01 -3.512179070204907561e+01
8.382625000000000171e+01 -3.506549271399486400e+01
8.392616999999999905e+01 -3.503451308263723263e+01
8.402607999999999322e+01 -3.502652598440511156e+01
8.412599000000000160e+01 -3.504142451922923129e+01
8.422589999999999577e+01 -3.508124956840440944e+01
8.432581000000000415e+01 -3.515177824946530905e+01
8.442573000000000150e+01 -3.522979993241982299e+01
8.452563999999999567e+01 -3.532359991836095503e+01
8.462555000000000405e+01 -3.543521104194322646e+01
8.472545999999999822e+01 -3.554531168424622223e+01
8.482537000000000660e+01 -3.565194084466888569e+01
8.492529000000000394e+01 -3.575071461850976817e+01
8.502519999999999811e+01 -3.583240105434482103e+01
8.512511000000000649e+01 -3.590186402035891433e+01
8.522502000000000066e+01 -3.594549353475486697e+01
8.532492999999999483e+01 -3.597411606930463535e+01
8.542485000000000639e+01 -3.595930540916491935e+01
8.552476000000000056e+01 -3.592577336378251118e+01
8.562466999999999473e+01 -3.587028531286799193e+01
8.572458000000000311e+01 -3.579583371946934989e+01
8.582450000000000045e+01 -3.570596030621960892e+01
8.592440999999999462e+01 -3.560817554303890375e+01
8.602432000000000301e+01 -3.551570356555271957e+01
8.612422999999999718e+01 -3.542066866312907081e+01
8.622414000000000556e+01 -3.533720060218634273e+01
8.632406000000000290e+01 -3.528067989920186420e+01
8.642396999999999707e+01 -3.525256942398564775e+01
8.652388000000000545e+01 -3.524311203092719325e+01
8.662378999999999962e+01 -3.526603064015357347e+01
8.672369999999999379e+01 -3.532418878264446249e+01
8.682362000000000535e+01 -3.541007293240978271e+01
8.692352999999999952e+01 -3.553205860386954384e+01
8.702343999999999369e+01 -3.566794428067413492e+01
8.712335000000000207e+01 -3.582804463483995505e+01
8.722325999999999624e+01 -3.600527189096693093e+01
8.732317999999999358e+01 -3.618702958143457948e+01
8.742309000000000196e+01 -3.636493260343810618e+01
8.752299999999999613e+01 -3.653935608169230420e+01
8.762291000000000452e+01 -3.670071690686737753e+01
8.772283000000000186e+01 -3.683230111308606070e+01
8.782273999999999603e+01 -3.694325330905898852e+01
8.792265000000000441e+01 -3.700704190306189645e+01
8.802255999999999858e+01 -3.704780703103413941e+01
8.812247000000000696e+01 -3.705257397407925879e+01
8.822239000000000431e+01 -3.702426234587424858e+01
8.832229999999999848e+01 -3.696581774761119021e+01
8.842221000000000686e+01 -3.687533482700168719e+01
8.852212000000000103e+01 -3.676905041728524992e+01
8.862202999999999520e+01 -3.664340708982632577e+01
8.872195000000000675e+01 -3.652364490060779190e+01
8.882186000000000092e+01 -3.640344479065758776e+01
8.892176999999999509e+01 -3.630116135123876830e+01
8.902168000000000347e+01 -3.622013471958465658e+01
8.912158999999999764e+01 -3.616426803020065961e+01
8.922150999999999499e+01 -3.614518592939332109e+01
8.932142000000000337e+01 -3.616339333227596597e+01
8.942132999999999754e+01 -3.621386519043963403e+01
8.952124000000000592e+01 -3.631259404447312278e+01
8.962116000000000327e+01 -3.643161394263675135e+01
8.972106999999999744e+01 -3.659368409592519100e+01
8.982098000000000582e+01 -3.676259768228036506e+01
8.992088999999999999e+01 -3.692544045012201792e+01
9.002079999999999416e+01 -3.710585212145736023e+01
9.012072000000000571e+01 -3.726218691668221084e+01
9.022062999999999988e+01 -3.739503962439490437e+01
9.032053999999999405e+01 -3.749864700576455334e+01
9.042045000000000243e+01 -3.755738012328159670e+01
9.052035999999999660e+01 -3.756765602538526849e+01
9.062027999999999395e+01 -3.752244050473019854e+01
9.072019000000000233e+01 -3.742142168141574388e+01
9.082009999999999650e+01 -3.726549316627793473e+01
9.092001000000000488e+01 -3.706989425052049114e+01
9.101991999999999905e+01 -3.682427965512834334e+01
9.111983999999999639e+01 -3.655417476642880104e+01
9.121975000000000477e+01 -3.626554003423447625e+01
9.131965999999999894e+01 -3.597055265905179766e+01
9.141956999999999312e+01 -3.566786843959941677e+01
9.151949000000000467e+01 -3.539393640823064402e+01
9.161939999999999884e+01 -3.513338347423028551e+01
9.171930999999999301e+01 -3.491951200007067513e+01
9.181922000000000139e+01 -3.473623450267368185e+01
9.191912999999999556e+01 -3.458695758249574226e+01
9.201904999999999291e+01 -3.447440107735813086e+01
9.211896000000000129e+01 -3.438471259963299076e+01
9.221886999999999546e+01 -3.428568355074570206e+01
9.231878000000000384e+01 -3.423407728341521761e+01
9.241868999999999801e+01 -3.418467720748213878e+01
9.251860999999999535e+01 -3.412419451233581214e+01
9.261852000000000373e+01 -3.402432039465873004e+01
9.271842999999999790e+01 -3.388647204292148984e+01
9.281834000000000628e+01 -3.366912841364631248e+01
9.291825000000000045e+01 -3.338524718225883703e+01
9.301816999999999780e+01 -3.298778898705437257e+01
9.311808000000000618e+01 -3.247482392331028223e+01
9.321799000000000035e+01 -3.182252542992594968e+01
9.331789999999999452e+01 -3.101430311358394221e+01
9.341782000000000608e+01 -3.004096011006785005e+01
9.351773000000000025e+01 -2.886616311419836478e+01
9.361763999999999442e+01 -2.748938129256670848e+01
9.371755000000000280e+01 -2.589073839346994177e+01
9.381745999999999697e+01 -2.405286863973032041e+01
9.391737999999999431e+01 -2.198204499563119185e+01
9.401729000000000269e+01 -1.965942820802177238e+01
9.411719999999999686e+01 -1.708546046670288376e+01
9.421711000000000524e+01 -1.427903656643622554e+01
9.431701999999999941e+01 -1.124752998817408134e+01
9.441693999999999676e+01 -8.014811535464833270e+00
9.451685000000000514e+01 -4.616452493386415057e+00
9.461675999999999931e+01 -1.101424614925060830e+00
9.471666999999999348e+01 2.479160251660740499e+00
9.481658000000000186e+01 6.068381403280351805e+00
9.491649999999999920e+01 9.611201161010502148e+00
9.501640999999999337e+01 1.300615336420698576e+01
9.511632000000000176e+01 1.619391318583125283e+01
9.521622999999999593e+01 1.909392140975168317e+01
9.531614999999999327e+01 2.163711196716674934e+01
9.541606000000000165e+01 2.374318881653889335e+01
9.551596999999999582e+01 2.535561321844788907e+01
9.561588000000000420e+01 2.643701749517660105e+01
9.571578999999999837e+01 2.693170671008135741e+01
9.581570999999999572e+01 2.684669069206890057e+01
9.591562000000000410e+01 2.615999445920282795e+01
9.601552999999999827e+01 2.490210433752687536e+01
9.611544000000000665e+01 2.309639604672730329e+01
9.621535000000000082e+01 2.080382086408580733e+01
9.631526999999999816e+01 1.808690843712727769e+01
9.641518000000000654e+01 1.501521976831044469e+01
9.651509000000000071e+01 1.169320390643752994e+01
9.661499999999999488e+01 8.209693920121928556e+00
9.671491000000000327e+01 4.653393542917946490e+00
9.681483000000000061e+01 1.142288023569920874e+00
9.691473999999999478e+01 -2.241569594975629354e+00
9.701465000000000316e+01 -5.393061144792651973e+00
9.711455999999999733e+01 -8.246814863715409061e+00
9.721447000000000571e+01 -1.071638483738186309e+01
9.731439000000000306e+01 -1.274638583451047325e+01
9.741429999999999723e+01 -1.428735819607759794e+01
9.751421000000000561e+01 -1.531218463720413148e+01
9.761411999999999978e+01 -1.579716686475833853e+01
9.771403999999999712e+01 -1.573642480150572176e+01
9.781395000000000550e+01 -1.512819904044556196e+01
9.791385999999999967e+01 -1.400094430831060777e+01
9.801376999999999384e+01 -1.236795549422891582e+01
9.811368000000000222e+01 -1.026711986512519381e+01
9.821359999999999957e+01 -7.763659359129985837e+00
9.831350999999999374e+01 -4.914790468739781204e+00
9.841342000000000212e+01 -1.772501827225432258e+00
9.851332999999999629e+01 1.588465335290211833e+00
9.861324000000000467e+01 5.090807682533064593e+00
9.871316000000000201e+01 8.657529026770419023e+00
9.881306999999999618e+01 1.220001990477264187e+01
9.891298000000000457e+01 1.564360137750476909e+01
9.901288999999999874e+01 1.889138275508424059e+01
9.911279999999999291e+01 2.187335009976927935e+01
9.921272000000000446e+01 2.449940770059725281e+01
9.931262999999999863e+01 2.670850194894960694e+01
9.941254000000000701e+01 2.844033141398551834e+01
9.951245000000000118e+01 2.964087930294632400e+01
9.961236999999999853e+01 3.027563932678657466e+01
9.971228000000000691e+01 3.032656557209845261e+01
9.981219000000000108e+01 2.978764263983052629e+01
9.991209999999999525e+01 2.867234998766410570e+01
1.000120100000000036e+02 2.701353431545219763e+01
1.001119300000000010e+02 2.484772423688259835e+01
1.002118399999999951e+02 2.225424701230761215e+01
1.003117500000000035e+02 1.931192559021599209e+01
1.004116599999999977e+02 1.609726916312514078e+01
1.005115700000000061e+02 1.271384590104454304e+01
1.006114900000000034e+02 9.265314014529625553e+00
1.007113999999999976e+02 5.856962871694544326e+00
1.008113100000000060e+02 2.580009354960629331e+00
1.009112200000000001e+02 -4.587116197955172225e-01
1.010111299999999943e+02 -3.163387191108125052e+00
1.011110500000000059e+02 -5.479211466698703958e+00
1.012109600000000000e+02 -7.323130275629228692e+00
1.013108699999999942e+02 -8.654083087454328194e+00
1.014107800000000026e+02 -9.436136447880212330e+00
1.015106999999999999e+02 -9.663402406116736287e+00
1.016106099999999941e+02 -9.321988089573109093e+00
1.017105200000000025e+02 -8.436745388538177792e+00
1.018104299999999967e+02 -7.039034369887751552e+00
1.019103400000000050e+02 -5.153967885477806377e+00
1.020102600000000024e+02 -2.859144811949471787e+00
1.021101699999999965e+02 -2.215288030676632047e-01
1.022100800000000049e+02 2.700711472570153759e+00
1.023099899999999991e+02 5.824981459462058808e+00
1.024098999999999933e+02 9.064637789082334862e+00
1.025098200000000048e+02 1.234035272098575575e+01
1.026097299999999990e+02 1.556473845540699230e+01
1.027096399999999932e+02 1.865608707526514110e+01
1.028095500000000015e+02 2.153307024683965665e+01
1.029094599999999957e+02 2.411485738516254429e+01
1.030093799999999931e+02 2.635210788884501909e+01
1.031092900000000014e+02 2.816349718167528593e+01
1.032091999999999956e+02 2.950746763187403587e+01
1.033091100000000040e+02 3.035080994441704405e+01
1.034090300000000013e+02 3.067115101769024577e+01
1.035089399999999955e+02 3.044165870817274566e+01
1.036088500000000039e+02 2.968612373780518254e+01
1.037087599999999981e+02 2.841159959007880431e+01
1.038086700000000064e+02 2.666638414497628773e+01
1.039085900000000038e+02 2.450188747019690894e+01
1.040084999999999980e+02 2.197059648084642447e+01
1.041084100000000063e+02 1.916665506836379862e+01
1.042083200000000005e+02 1.617061111706628651e+01
1.043082299999999947e+02 1.307072906354581754e+01
1.044081500000000062e+02 9.973219334225472466e+00
1.045080600000000004e+02 6.986393237165929193e+00
1.046079699999999946e+02 4.187283551121582903e+00
1.047078800000000030e+02 1.675968357375069218e+00
1.048077899999999971e+02 -4.733717129539893875e-01
1.049077099999999945e+02 -2.196517505014625726e+00
1.050076200000000028e+02 -3.441779472112797222e+00
1.051075299999999970e+02 -4.184751201865879011e+00
1.052074400000000054e+02 -4.404318023949178595e+00
1.053073600000000027e+02 -4.106944732920581487e+00
1.054072699999999969e+02 -3.313349372939505599e+00
1.055071800000000053e+02 -2.076452293142466488e+00
1.056070899999999995e+02 -4.437905698510249408e-01
1.057069999999999936e+02 1.534909540754206603e+00
1.058069200000000052e+02 3.770049305184217658e+00
1.059068299999999994e+02 6.179429300596892993e+00
1.060067399999999935e+02 8.699274237889671468e+00
1.061066500000000019e+02 1.122308396644744377e+01
1.062065599999999961e+02 1.369926616704406186e+01
1.063064799999999934e+02 1.603607290455856216e+01
1.064063900000000018e+02 1.818107139108804304e+01
1.065062999999999960e+02 2.008299871584659613e+01
1.066062100000000044e+02 2.169529704069692855e+01
1.067061199999999985e+02 2.299334815428611734e+01
1.068060399999999959e+02 2.394331974684046571e+01
1.069059500000000043e+02 2.454235176859439349e+01
1.070058599999999984e+02 2.479806261784249699e+01
1.071057700000000068e+02 2.471865075810374179e+01
1.072056900000000041e+02 2.431412648724124992e+01
1.073055999999999983e+02 2.361483614813620591e+01
1.074055100000000067e+02 2.265394250559231182e+01
1.075054200000000009e+02 2.146530345180591581e+01
1.076053299999999950e+02 2.010417897273997312e+01
1.077052500000000066e+02 1.860223366878870266e+01
1.078051600000000008e+02 1.702059385868748009e+01
1.079050699999999949e+02 1.539178219458223928e+01
1.080049800000000033e+02 1.378094443698402216e+01
1.081048899999999975e+02 1.222913286555433388e+01
1.082048099999999948e+02 1.078587445033086034e+01
1.083047200000000032e+02 9.490812682404262901e+00
1.084046299999999974e+02 8.395928057305608760e+00
1.085045400000000058e+02 7.517017199289631080e+00
1.086044499999999999e+02 6.903700877643511369e+00
1.087043699999999973e+02 6.555196102228903143e+00
1.088042800000000057e+02 6.499181233012560455e+00
1.089041899999999998e+02 6.725888669564850986e+00
1.090040999999999940e+02 7.237780426016906077e+00
1.091040100000000024e+02 8.005690348812915857e+00
1.092039299999999997e+02 9.016709427702627622e+00
1.093038399999999939e+02 1.021372231468869884e+01
1.094037500000000023e+02 1.159018187608989159e+01
1.095036599999999964e+02 1.306794921630194573e+01
1.096035799999999938e+02 1.460554424885466318e+01
1.097034900000000022e+02 1.615697705829847663e+01
1.098033999999999963e+02 1.765753861459705476e+01
1.099033100000000047e+02 1.906917496078769858e+01
1.100032199999999989e+02 2.033467896852211609e+01
1.101031399999999962e+02 2.142442269775920494e+01
1.102030500000000046e+02 2.229342549075962054e+01
1.103029599999999988e+02 2.293770283139633648e+01
1.104028699999999930e+02 2.333282199659124601e+01
1.105027800000000013e+02 2.347185752177733065e+01
1.106026999999999987e+02 2.337458781959805521e+01
1.107026100000000071e+02 2.304298541834800318e+01
1.108025200000000012e+02 2.250300446091973683e+01
1.109024299999999954e+02 2.178661352282105668e+01
1.110023400000000038e+02 2.092608165065433568e+01
1.111022600000000011e+02 1.996843484019418113e+01
1.112021699999999953e+02 1.894025193520974781e+01
1.113020800000000037e+02 1.790066316838498039e+01
1.114019899999999978e+02 1.687980176944840238e+01
1.115019099999999952e+02 1.592503223756152053e+01
1.116018200000000036e+02 1.505767009673191836e+01
1.117017299999999977e+02 1.431889601748026486e+01
1.118016400000000061e+02 1.373681519284907537e+01
1.119015500000000003e+02 1.331627608434848398e+01
1.120014699999999976e+02 1.308310725892924609e+01
1.121013800000000060e+02 1.304572279170395177e+01
1.122012900000000002e+02 1.319104623070609605e+01
1.123011999999999944e+02 1.351575225122413215e+01
1.124011100000000027e+02 1.400355153956884280e+01
1.125010300000000001e+02 1.464471048347264848e+01
1.126009399999999943e+02 1.539991495243962483e+01
1.127008500000000026e+02 1.624405064778407493e+01
1.128007599999999968e+02 1.715141153954828113e+01
1.129006700000000052e+02 1.807993435721476772e+01
1.130005900000000025e+02 1.899481545199274635e+01
1.131004999999999967e+02 1.986633222393641773e+01
1.132004100000000051e+02 2.065562400932624243e+01
1.133003199999999993e+02 2.133172681092661804e+01
1.134002399999999966e+02 2.188003583771450167e+01
1.135001500000000050e+02 2.226717692675372007e+01
1.136000599999999991e+02 2.249843793634897793e+01
1.136999699999999933e+02 2.255010058489601477e+01
1.137998800000000017e+02 2.244574920074457580e+01
1.138997999999999990e+02 2.216698113689421135e+01
1.139997099999999932e+02 2.175383097976488500e+01
1.140996200000000016e+02 2.121839318579108991e+01
1.141995299999999958e+02 2.058835897647424318e+01
1.142994400000000041e+02 1.990669873566287507e+01
1.143993600000000015e+02 1.919553298452508372e+01
1.144992699999999957e+02 1.849182031765100831e+01
1.145991800000000040e+02 1.783143821051102051e+01
1.146990899999999982e+02 1.722850662062526084e+01
1.147990000000000066e+02 1.672991996534100778e+01
1.148989200000000039e+02 1.633465597850949536e+01
1.149988299999999981e+02 1.605848457608324154e+01
1.150987400000000065e+02 1.590787556985422846e+01
1.151986500000000007e+02 1.588497292590338361e+01
1.152985699999999980e+02 1.597450345112849490e+01
1.153984800000000064e+02 1.615971360723794348e+01
1.154983900000000006e+02 1.642082099123303607e+01
1.155982999999999947e+02 1.674219814472190038e+01
1.156982100000000031e+02 1.708100750905437692e+01
1.157981300000000005e+02 1.742176906519863877e+01
1.158980399999999946e+02 1.774626271189953286e+01
1.159979500000000030e+02 1.804057853464679795e+01
1.160978599999999972e+02 1.825983136880431346e+01
1.161977700000000056e+02 1.845404015896685479e+01
1.162976900000000029e+02 1.852704727204649515e+01
1.163975999999999971e+02 1.851332117318247228e+01
1.164975100000000054e+02 1.842072317541156323e+01
1.165974199999999996e+02 1.824545689394975767e+01
1.166973299999999938e+02 1.801710010335382961e+01
1.167972500000000053e+02 1.773631516265843544e+01
1.168971599999999995e+02 1.741030343511689793e+01
1.169970699999999937e+02 1.706503007262495331e+01
1.170969800000000021e+02 1.671076277992049341e+01
1.171968999999999994e+02 1.636062029951881769e+01
1.172968099999999936e+02 1.602462717685764559e+01
1.173967200000000020e+02 1.571014158234691216e+01
1.174966299999999961e+02 1.542191001928810756e+01
1.175965400000000045e+02 1.516986307976786641e+01
1.176964600000000019e+02 1.493156386063312624e+01
1.177963699999999960e+02 1.474274046297389162e+01
1.178962800000000044e+02 1.457064426911815147e+01
1.179961899999999986e+02 1.441717340625792332e+01
1.180961000000000070e+02 1.427573879602832641e+01
1.181960200000000043e+02 1.415094708570772397e+01
1.182959299999999985e+02 1.402943166903664718e+01
1.183958400000000069e+02 1.391388111371748160e+01
1.184957500000000010e+02 1.380553270284961265e+01
1.185956599999999952e+02 1.370370943549730214e+01
1.186955800000000067e+02 1.359472852013407618e+01
1.187954900000000009e+02 1.349523509998508430e+01
1.188953999999999951e+02 1.340144222546397401e+01
1.189953100000000035e+02 1.332063176111150504e+01
1.190952300000000008e+02 1.325360401400564392e+01
1.191951399999999950e+02 1.319949301297591759e+01
1.192950500000000034e+02 1.316952949567233944e+01
1.193949599999999975e+02 1.314752831593414761e+01
1.194948700000000059e+02 1.316010718862883877e+01
1.195947900000000033e+02 1.318532315547970413e+01
1.196946999999999974e+02 1.323156591404756277e+01
1.197946100000000058e+02 1.328376678753570062e+01
1.198945200000000000e+02 1.334732692663785514e+01
