0.000000000000000000e+00 4.252919511959475651e-02
9.990999999999999881e-02 4.214351296272371428e-02
1.998300000000000076e-01 4.080952663123944835e-02
2.997400000000000064e-01 3.737760372956226013e-02
3.996500000000000052e-01 3.166592662003112763e-02
4.995600000000000041e-01 2.316180734900798871e-02
5.994699999999999473e-01 1.233559052050988217e-02
6.993899999999999562e-01 -8.983561471251830244e-04
7.993000000000000105e-01 -1.555353831110777019e-02
8.992099999999999538e-01 -3.137340722788835995e-02
9.991200000000000081e-01 -4.639244559945537166e-02
1.099029999999999951e+00 -6.130448554461254834e-02
1.198949999999999960e+00 -7.486029735225110948e-02
1.298859999999999904e+00 -8.662774206705327329e-02
1.398770000000000069e+00 -9.675263805367941006e-02
1.498680000000000012e+00 -1.052095733745567335e-01
1.598589999999999955e+00 -1.129105517423530936e-01
1.698509999999999964e+00 -1.206398203380914386e-01
1.798419999999999908e+00 -1.287586140926201272e-01
1.898330000000000073e+00 -1.390778362944583846e-01
1.998240000000000016e+00 -1.514693503907923455e-01
2.098149999999999959e+00 -1.666424558469742911e-01
2.198069999999999968e+00 -1.846582805900634505e-01
2.297979999999999912e+00 -2.038178417751586868e-01
2.397889999999999855e+00 -2.227837200085563685e-01
2.497799999999999798e+00 -2.393531057122551542e-01
2.597719999999999807e+00 -2.503026084624847547e-01
2.697630000000000194e+00 -2.517641331502997737e-01
2.797540000000000138e+00 -2.407622798833849165e-01
2.897450000000000081e+00 -2.137441941864732797e-01
2.997360000000000024e+00 -1.688422083033692400e-01
3.097280000000000033e+00 -1.051620858037849021e-01
3.197189999999999976e+00 -2.358610726030029719e-02
3.297099999999999920e+00 7.284687469942326132e-02
3.397009999999999863e+00 1.811263757903373850e-01
3.496919999999999806e+00 2.921230004611335973e-01
3.596839999999999815e+00 3.981530579103296774e-01
3.696750000000000203e+00 4.912948606781542549e-01
3.796660000000000146e+00 5.618979172858700188e-01
3.896570000000000089e+00 6.021247915455186783e-01
3.996480000000000032e+00 6.061686635410395985e-01
4.096400000000000041e+00 5.706909716237750230e-01
4.196310000000000429e+00 4.958828103839920676e-01
4.296219999999999928e+00 3.854494904230063024e-01
4.396130000000000315e+00 2.467569433183475214e-01
4.496050000000000324e+00 9.053952633795779581e-02
4.595959999999999823e+00 -7.100085751153023539e-02
4.695870000000000211e+00 -2.233927737703443328e-01
4.795779999999999710e+00 -3.532847009166741326e-01
4.895690000000000097e+00 -4.490996308784200308e-01
4.995610000000000106e+00 -5.019480967229024149e-01
5.095519999999999605e+00 -5.073959629368468560e-01
5.195429999999999993e+00 -4.645299241301039661e-01
5.295340000000000380e+00 -3.781137346170170832e-01
5.395249999999999879e+00 -2.585107257865439379e-01
5.495169999999999888e+00 -1.172446374506245920e-01
5.595080000000000275e+00 3.023906291364839710e-02
5.694989999999999775e+00 1.676001846351102831e-01
5.794900000000000162e+00 2.799937097977903133e-01
5.894809999999999661e+00 3.550957858187600014e-01
5.994729999999999670e+00 3.845874543706158111e-01
6.094640000000000057e+00 3.641390809362227698e-01
6.194549999999999557e+00 2.951988184001935189e-01
6.294459999999999944e+00 1.843702203109344739e-01
6.394379999999999953e+00 4.177891114684650214e-02
6.494290000000000340e+00 -1.172308772776897989e-01
6.594199999999999839e+00 -2.787930756916029429e-01
6.694110000000000227e+00 -4.255750260287738951e-01
6.794019999999999726e+00 -5.445892281783378808e-01
6.893939999999999735e+00 -6.229862195239375122e-01
6.993850000000000122e+00 -6.547728034867139613e-01
7.093759999999999621e+00 -6.356895131282432887e-01
7.193670000000000009e+00 -5.680052302426424893e-01
7.293580000000000396e+00 -4.576118190675951825e-01
7.393500000000000405e+00 -3.124632698458476021e-01
7.493409999999999904e+00 -1.443796220204877634e-01
7.593320000000000292e+00 3.497672866648648959e-02
7.693229999999999791e+00 2.125771833203318195e-01
7.793140000000000178e+00 3.796688328040483396e-01
7.893060000000000187e+00 5.252240668286236591e-01
7.992969999999999686e+00 6.443090549186140104e-01
8.092879999999999185e+00 7.323498797990716236e-01
8.192790000000000461e+00 7.874250737416224055e-01
8.292709999999999582e+00 8.100035461670831438e-01
8.392620000000000857e+00 8.013612881355851592e-01
8.492530000000000356e+00 7.620461769177424571e-01
8.592439999999999856e+00 6.948154325414674926e-01
8.692349999999999355e+00 6.017907951466139327e-01
8.792270000000000252e+00 4.846535551915419071e-01
8.892179999999999751e+00 3.453309292978712919e-01
8.992089999999999250e+00 1.861514412883704950e-01
9.092000000000000526e+00 1.132172711316870896e-02
9.191910000000000025e+00 -1.741308351217046857e-01
9.291829999999999146e+00 -3.642659334303625096e-01
9.391740000000000421e+00 -5.496829519308861212e-01
9.491649999999999920e+00 -7.215111177289057487e-01
9.591559999999999420e+00 -8.681005301529003404e-01
9.691470000000000695e+00 -9.787949947596250588e-01
9.791389999999999816e+00 -1.043988326186341853e+00
9.891299999999999315e+00 -1.056397905920350100e+00
9.991210000000000591e+00 -1.010626518976246668e+00
1.009110000000000085e+01 -9.069850653064143176e-01
1.019100000000000072e+01 -7.489137941778395424e-01
1.029100000000000037e+01 -5.461479301481555471e-01
1.039090000000000025e+01 -3.111475510751938733e-01
1.049080000000000013e+01 -5.998073414362866534e-02
1.059070000000000000e+01 1.880797344101871049e-01
1.069059999999999988e+01 4.159114015607147108e-01
1.079049999999999976e+01 6.057376350409371391e-01
1.089039999999999964e+01 7.439530524179588378e-01
1.099029999999999951e+01 8.213516109599674486e-01
1.109019999999999939e+01 8.343258419369614654e-01
1.119020000000000081e+01 7.839402254949201510e-01
1.129010000000000069e+01 6.783551709429294085e-01
1.139000000000000057e+01 5.301717246310581055e-01
1.148990000000000045e+01 3.560490846008030896e-01
1.158980000000000032e+01 1.725139203246880415e-01
1.168970000000000020e+01 -9.192085412873141504e-04
1.178960000000000008e+01 -1.483553958463131595e-01
1.188949999999999996e+01 -2.572440805705355493e-01
1.198949999999999960e+01 -3.180079091994590379e-01
1.208939999999999948e+01 -3.281617435386979809e-01
1.218929999999999936e+01 -2.898173647494782790e-01
1.228919999999999924e+01 -2.093969747729490516e-01
1.238909999999999911e+01 -9.869281149109576656e-02
1.248900000000000077e+01 2.901645487228355497e-02
1.258890000000000065e+01 1.587159963060495171e-01
1.268880000000000052e+01 2.760670601157737547e-01
1.278870000000000040e+01 3.681552653381329199e-01
1.288870000000000005e+01 4.257076782108750179e-01
1.298859999999999992e+01 4.431184872030827782e-01
1.308849999999999980e+01 4.190540509069174968e-01
1.318839999999999968e+01 3.548983883607644829e-01
1.328829999999999956e+01 2.583449586398217646e-01
1.338819999999999943e+01 1.366154051674939029e-01
1.348809999999999931e+01 3.304934982836741503e-04
1.358810000000000073e+01 -1.399211299686330401e-01
1.368800000000000061e+01 -2.740893609707663048e-01
1.378790000000000049e+01 -3.930189286754365297e-01
1.388780000000000037e+01 -4.902366755856132352e-01
1.398770000000000024e+01 -5.614213714351765638e-01
1.408760000000000012e+01 -6.038271631590116373e-01
1.418750000000000000e+01 -6.170520104862499133e-01
1.428739999999999988e+01 -6.021485639533162848e-01
1.438729999999999976e+01 -5.602780254211414679e-01
1.448729999999999940e+01 -4.952781640484875680e-01
1.458719999999999928e+01 -4.097719662993004053e-01
1.468709999999999916e+01 -3.059751432343615352e-01
1.478700000000000081e+01 -1.874031578576645651e-01
1.488690000000000069e+01 -5.703275629037564409e-02
1.498680000000000057e+01 8.164235575703616965e-02
1.508670000000000044e+01 2.249994879339853870e-01
1.518660000000000032e+01 3.668639775533829583e-01
1.528659999999999997e+01 5.021664944879152825e-01
1.538649999999999984e+01 6.218119452808870129e-01
1.548639999999999972e+01 7.187392835279754477e-01
1.558629999999999960e+01 7.848868988193291596e-01
1.568619999999999948e+01 8.111411030033911507e-01
1.578609999999999935e+01 7.911054855576007405e-01
1.588599999999999923e+01 7.216487008536515146e-01
1.598590000000000089e+01 6.004639518842433965e-01
1.608579999999999899e+01 4.315888744576378833e-01
1.618580000000000041e+01 2.218861826680972871e-01
1.628569999999999851e+01 -1.785928399210079745e-02
1.638560000000000016e+01 -2.715154426230599327e-01
1.648549999999999827e+01 -5.212863215999851141e-01
1.658539999999999992e+01 -7.486359695120053948e-01
1.668530000000000157e+01 -9.337659972580447665e-01
1.678519999999999968e+01 -1.061107611762887926e+00
1.688520000000000110e+01 -1.116378911860855805e+00
1.698509999999999920e+01 -1.092605309952557446e+00
1.708500000000000085e+01 -9.875045608491164195e-01
1.718489999999999895e+01 -8.070351110636805325e-01
1.728480000000000061e+01 -5.637656753054749448e-01
1.738469999999999871e+01 -2.749554917291196499e-01
1.748460000000000036e+01 3.714912337799750053e-02
1.758449999999999847e+01 3.457553775114817207e-01
1.768440000000000012e+01 6.265533037260997418e-01
1.778440000000000154e+01 8.563198221112028330e-01
1.788429999999999964e+01 1.014501720466922885e+00
1.798420000000000130e+01 1.089573528917589629e+00
1.808409999999999940e+01 1.075135810993986141e+00
1.818400000000000105e+01 9.734359931758609363e-01
1.828389999999999915e+01 7.960253662894233306e-01
1.838380000000000081e+01 5.592786645040628279e-01
1.848369999999999891e+01 2.871071422620937175e-01
1.858370000000000033e+01 4.839448433535105919e-03
1.868359999999999843e+01 -2.605964109642743276e-01
1.878350000000000009e+01 -4.841481159185664351e-01
1.888340000000000174e+01 -6.463627654236645537e-01
1.898329999999999984e+01 -7.338002924401172411e-01
1.908320000000000149e+01 -7.389146329683277115e-01
1.918309999999999960e+01 -6.651999141635067669e-01
1.928300000000000125e+01 -5.214427187236186922e-01
1.938289999999999935e+01 -3.253956132569468251e-01
1.948290000000000077e+01 -9.762421115039776609e-02
1.958279999999999887e+01 1.356705733081617349e-01
1.968270000000000053e+01 3.505958409344843152e-01
1.978259999999999863e+01 5.243126739272916392e-01
1.988250000000000028e+01 6.395024984325149431e-01
1.998239999999999839e+01 6.836327369987749147e-01
2.008230000000000004e+01 6.532294041644282068e-01
2.018230000000000146e+01 5.511978970256865562e-01
2.028219999999999956e+01 3.882051554031232810e-01
2.038210000000000122e+01 1.815341668248475204e-01
2.048199999999999932e+01 -4.978795618996659927e-02
2.058190000000000097e+01 -2.820355350354197821e-01
2.068179999999999907e+01 -4.929680747191831913e-01
2.078170000000000073e+01 -6.632807236909855630e-01
2.088159999999999883e+01 -7.764407211453384638e-01
2.098150000000000048e+01 -8.235037311034292262e-01
2.108149999999999835e+01 -8.010970578960607824e-01
2.118140000000000001e+01 -7.120625771753779087e-01
2.128130000000000166e+01 -5.663850799163194782e-01
2.138119999999999976e+01 -3.772256278828681753e-01
2.148110000000000142e+01 -1.633904150142840850e-01
2.158099999999999952e+01 5.746729060143603712e-02
2.168090000000000117e+01 2.662063505194011137e-01
2.178079999999999927e+01 4.461104478586028210e-01
2.188080000000000069e+01 5.852242167889091240e-01
2.198069999999999879e+01 6.732172631469783841e-01
2.208060000000000045e+01 7.069769963794438894e-01
2.218049999999999855e+01 6.867536761162185144e-01
2.228040000000000020e+01 6.179185651070386864e-01
2.238029999999999831e+01 5.096806086778912226e-01
2.248019999999999996e+01 3.720293026356730204e-01
2.258010000000000161e+01 2.170605398562796273e-01
2.267999999999999972e+01 5.752964545210821623e-02
2.278000000000000114e+01 -9.450707270107117086e-02
2.287989999999999924e+01 -2.311401318717153375e-01
2.297980000000000089e+01 -3.447912705582728554e-01
2.307969999999999899e+01 -4.296803276213160827e-01
2.317960000000000065e+01 -4.844167054403576977e-01
2.327949999999999875e+01 -5.091373052552368161e-01
2.337940000000000040e+01 -5.061301563249640534e-01
2.347929999999999851e+01 -4.780846721372151720e-01
2.357929999999999993e+01 -4.299465197626820001e-01
2.367920000000000158e+01 -3.659743098592046495e-01
2.377909999999999968e+01 -2.911819633598192181e-01
2.387900000000000134e+01 -2.096406203062311513e-01
2.397889999999999944e+01 -1.246947643835046721e-01
2.407880000000000109e+01 -4.091014818621794419e-02
2.417869999999999919e+01 4.117571392471483516e-02
2.427860000000000085e+01 1.179993387398842186e-01
2.437859999999999872e+01 1.887922052672980633e-01
2.447850000000000037e+01 2.514899175799546471e-01
2.457839999999999847e+01 3.060546851906768007e-01
2.467830000000000013e+01 3.509283231767324485e-01
2.477819999999999823e+01 3.866714532131839688e-01
2.487809999999999988e+01 4.117826771881560877e-01
2.497800000000000153e+01 4.270510469773319273e-01
2.507789999999999964e+01 4.314579799176276320e-01
2.517780000000000129e+01 4.248715857145041741e-01
2.527779999999999916e+01 4.082579603371673804e-01
2.537770000000000081e+01 3.803345602604032427e-01
2.547759999999999891e+01 3.426092796945783281e-01
2.557750000000000057e+01 2.944221345191032624e-01
2.567739999999999867e+01 2.369850182256254267e-01
2.577730000000000032e+01 1.708381776520006556e-01
2.587719999999999843e+01 9.683341939882381122e-02
2.597710000000000008e+01 1.650567403791766349e-02
2.607710000000000150e+01 -6.778508999146982961e-02
2.617699999999999960e+01 -1.541386983480743933e-01
2.627690000000000126e+01 -2.396662876866076097e-01
2.637679999999999936e+01 -3.205806848326346881e-01
2.647670000000000101e+01 -3.932767927078220649e-01
2.657659999999999911e+01 -4.548034412928343984e-01
2.667650000000000077e+01 -5.009931497358759422e-01
2.677639999999999887e+01 -5.288399617003894937e-01
2.687640000000000029e+01 -5.372946550399709809e-01
2.697629999999999839e+01 -5.235719944877076371e-01
2.707620000000000005e+01 -4.888213526689633159e-01
2.717610000000000170e+01 -4.342685841819708958e-01
2.727599999999999980e+01 -3.620723822995244867e-01
2.737590000000000146e+01 -2.764652264188738884e-01
2.747579999999999956e+01 -1.815319010492630614e-01
2.757570000000000121e+01 -8.215931664958303626e-02
2.767569999999999908e+01 1.642954233865389496e-02
2.777560000000000073e+01 1.091837889859483685e-01
2.787549999999999883e+01 1.923713025369369889e-01
2.797540000000000049e+01 2.628450009751295280e-01
2.807529999999999859e+01 3.180048403019341552e-01
2.817520000000000024e+01 3.567137571371534199e-01
2.827509999999999835e+01 3.785026450142892074e-01
2.837500000000000000e+01 3.834111901835137171e-01
2.847490000000000165e+01 3.733198167354904728e-01
2.857489999999999952e+01 3.482269143077809659e-01
2.867480000000000118e+01 3.109684521618850117e-01
2.877469999999999928e+01 2.620393444109065939e-01
2.887460000000000093e+01 2.028594980666959535e-01
2.897449999999999903e+01 1.360611340497757116e-01
2.907440000000000069e+01 6.230931545645898573e-02
2.917429999999999879e+01 -1.438086138349276531e-02
2.927420000000000044e+01 -9.206393222979139535e-02
2.937419999999999831e+01 -1.658031027268114244e-01
2.947409999999999997e+01 -2.318466699497997163e-01
2.957400000000000162e+01 -2.844979982891543968e-01
2.967389999999999972e+01 -3.177534238590083437e-01
2.977380000000000138e+01 -3.281824996200228273e-01
2.987369999999999948e+01 -3.106011019008839136e-01
2.997360000000000113e+01 -2.636991962205279538e-01
3.007349999999999923e+01 -1.872377251468713699e-01
3.017350000000000065e+01 -8.492677701352634168e-02
3.027339999999999876e+01 3.733410382242303288e-02
3.037330000000000041e+01 1.710737509757834229e-01
3.047319999999999851e+01 3.055374770366289239e-01
3.057310000000000016e+01 4.269779061986085922e-01
3.067299999999999827e+01 5.230867739062698973e-01
3.077289999999999992e+01 5.818721531072481579e-01
3.087280000000000157e+01 5.933568038092768004e-01
3.097279999999999944e+01 5.516008539007731803e-01
3.107270000000000110e+01 4.559206088237736654e-01
3.117259999999999920e+01 3.099237527248506763e-01
3.127250000000000085e+01 1.228390416309195488e-01
3.137239999999999895e+01 -9.164318484937018783e-02
3.147230000000000061e+01 -3.147826176322222058e-01
3.157219999999999871e+01 -5.280524336692304921e-01
3.167210000000000036e+01 -7.104190953215285820e-01
3.177199999999999847e+01 -8.431789130687370459e-01
3.187199999999999989e+01 -9.119687872397638229e-01
3.197190000000000154e+01 -9.072969933189303227e-01
3.207180000000000319e+01 -8.265447464276727274e-01
3.217170000000000130e+01 -6.731092229020826379e-01
3.227159999999999940e+01 -4.584641611424415397e-01
3.237149999999999750e+01 -2.001149177646601718e-01
3.247140000000000271e+01 8.123026309845617077e-02
3.257130000000000081e+01 3.618022727215925438e-01
3.267130000000000223e+01 6.165413273045414755e-01
3.277120000000000033e+01 8.240942330413142392e-01
3.287109999999999843e+01 9.667317514103253018e-01
3.297099999999999653e+01 1.031953384129653095e+00
3.307090000000000174e+01 1.015511025712813709e+00
3.317079999999999984e+01 9.188838711987654673e-01
3.327069999999999794e+01 7.513550386908495193e-01
3.337060000000000315e+01 5.282498757164991732e-01
3.347059999999999746e+01 2.677178707328177198e-01
3.357050000000000267e+01 -7.429325582456688427e-03
3.367040000000000077e+01 -2.770442071465394895e-01
3.377029999999999887e+01 -5.203006330453346928e-01
3.387019999999999698e+01 -7.218812737178786909e-01
3.397010000000000218e+01 -8.682051720918514404e-01
3.407000000000000028e+01 -9.532441865574285966e-01
3.416989999999999839e+01 -9.757719286338438769e-01
3.426989999999999981e+01 -9.387544276238967145e-01
3.436979999999999791e+01 -8.488777681736435765e-01
3.446970000000000312e+01 -7.157850467362819602e-01
3.456960000000000122e+01 -5.513663747141430704e-01
3.466949999999999932e+01 -3.666902586040258760e-01
3.476939999999999742e+01 -1.724570787267902527e-01
3.486930000000000263e+01 2.157236190369216100e-02
3.496920000000000073e+01 2.084242249560507854e-01
3.506909999999999883e+01 3.804570520821854984e-01
3.516910000000000025e+01 5.341256242964261824e-01
3.526899999999999835e+01 6.642952347947855829e-01
3.536889999999999645e+01 7.692245114729385769e-01
3.546880000000000166e+01 8.439184421626396704e-01
3.556869999999999976e+01 8.860651658426791366e-01
3.566859999999999786e+01 8.927174839368517967e-01
3.576850000000000307e+01 8.607062301130494752e-01
3.586840000000000117e+01 7.888841700543565150e-01
3.596840000000000259e+01 6.762125373859169120e-01
3.606830000000000069e+01 5.253433109939495971e-01
3.616819999999999879e+01 3.406791856523574968e-01
3.626809999999999690e+01 1.309551133515036714e-01
3.636800000000000210e+01 -9.384285518550117278e-02
3.646790000000000020e+01 -3.197739968922340137e-01
3.656779999999999831e+01 -5.333802603426405220e-01
3.666770000000000351e+01 -7.179991597836919981e-01
3.676769999999999783e+01 -8.600444532955612287e-01
3.686760000000000304e+01 -9.474461715176882848e-01
3.696750000000000114e+01 -9.732754664457624605e-01
3.706739999999999924e+01 -9.335117627208986413e-01
3.716729999999999734e+01 -8.307420977992575617e-01
3.726720000000000255e+01 -6.729707488656678782e-01
3.736710000000000065e+01 -4.718254561872661235e-01
3.746699999999999875e+01 -2.449601967200658315e-01
3.756700000000000017e+01 -9.506555944905759406e-03
3.766689999999999827e+01 2.140523931883490938e-01
3.776680000000000348e+01 4.078044354889949208e-01
3.786670000000000158e+01 5.571702894174441756e-01
3.796659999999999968e+01 6.515245436553001035e-01
3.806649999999999778e+01 6.850803382261754226e-01
3.816640000000000299e+01 6.575607575008712846e-01
3.826630000000000109e+01 5.756929999905630035e-01
3.836619999999999919e+01 4.486906842646953275e-01
3.846620000000000061e+01 2.917268553004526144e-01
3.856609999999999872e+01 1.196301653467561760e-01
3.866599999999999682e+01 -5.066988208277486277e-02
3.876590000000000202e+01 -2.049816913657758199e-01
3.886580000000000013e+01 -3.302121913261586439e-01
3.896569999999999823e+01 -4.182634998511489677e-01
3.906560000000000343e+01 -4.639798807277165094e-01
3.916550000000000153e+01 -4.664869543252940787e-01
3.926550000000000296e+01 -4.294380253122707658e-01
3.936540000000000106e+01 -3.586419500019420448e-01
3.946529999999999916e+01 -2.625102038321374120e-01
3.956519999999999726e+01 -1.501105587275756992e-01
3.966510000000000247e+01 -3.091590495341547951e-02
3.976500000000000057e+01 8.641228969471277666e-02
3.986489999999999867e+01 1.952905136906043226e-01
3.996479999999999677e+01 2.903808409627058884e-01
4.006479999999999819e+01 3.679438858823281255e-01
4.016470000000000340e+01 4.260401137544413408e-01
4.026460000000000150e+01 4.639305438616123101e-01
4.036449999999999960e+01 4.823673377943087925e-01
4.046439999999999770e+01 4.818878058918988350e-01
4.056430000000000291e+01 4.628091080829188630e-01
4.066420000000000101e+01 4.266293524407109294e-01
4.076409999999999911e+01 3.736807571282934615e-01
4.086410000000000053e+01 3.045782000854320160e-01
4.096399999999999864e+01 2.209491937298112829e-01
4.106389999999999674e+01 1.824430744776743829e-01
4.116380000000000194e+01 6.818853385629670971e-02
4.126370000000000005e+01 -5.281393403434131439e-02
4.136359999999999815e+01 -1.758458646324304042e-01
4.146350000000000335e+01 -2.945719315612116973e-01
4.156340000000000146e+01 -4.037257440500313654e-01
4.166329999999999956e+01 -4.960980643701468629e-01
4.176330000000000098e+01 -5.670542383241307105e-01
4.186319999999999908e+01 -6.119047480753185830e-01
4.196309999999999718e+01 -6.278073399393734322e-01
4.206300000000000239e+01 -6.141502075679283745e-01
4.216290000000000049e+01 -5.716386050974903155e-01
4.226279999999999859e+01 -5.026596955740878503e-01
4.236269999999999669e+01 -4.134827865956466897e-01
4.246260000000000190e+01 -3.081389490500524575e-01
4.256260000000000332e+01 -1.943026596023541830e-01
4.266250000000000142e+01 -7.892338864637081508e-02
4.276239999999999952e+01 3.167183976709490173e-02
4.286229999999999762e+01 1.323198334267640941e-01
4.296220000000000283e+01 2.173651189899934721e-01
4.306210000000000093e+01 2.842047930866536953e-01
4.316199999999999903e+01 3.317410740299757688e-01
4.326189999999999714e+01 3.597625494256190826e-01
4.336189999999999856e+01 3.698864426110461956e-01
4.346179999999999666e+01 3.635784916358832941e-01
4.356170000000000186e+01 3.445718568079785826e-01
4.366159999999999997e+01 3.164497752909505857e-01
4.376149999999999807e+01 2.819481905540650590e-01
4.386140000000000327e+01 2.437596882817966160e-01
4.396130000000000138e+01 2.053963061509475052e-01
4.406119999999999948e+01 1.675894767178926770e-01
4.416120000000000090e+01 1.310076705889559323e-01
4.426109999999999900e+01 9.669735551515888650e-02
4.436099999999999710e+01 6.415025967383611305e-02
4.446090000000000231e+01 3.254149755292760904e-02
4.456080000000000041e+01 1.601767868599055997e-03
4.466069999999999851e+01 -3.046961892253395934e-02
4.476059999999999661e+01 -6.280416127108442992e-02
4.486050000000000182e+01 -9.685486537857032618e-02
4.496039999999999992e+01 -1.321977293944888443e-01
4.506040000000000134e+01 -1.677591775828702336e-01
4.516029999999999944e+01 -2.033734379794854275e-01
4.526019999999999754e+01 -2.365663842192748112e-01
4.536010000000000275e+01 -2.665303266385781189e-01
4.546000000000000085e+01 -2.910882755329833316e-01
4.555989999999999895e+01 -3.085370481981158375e-01
4.565979999999999706e+01 -3.169844293316209094e-01
4.575970000000000226e+01 -3.157154069845213851e-01
4.585969999999999658e+01 -3.029304775979525521e-01
4.595960000000000178e+01 -2.785065986789971304e-01
4.605949999999999989e+01 -2.431498411618039091e-01
4.615939999999999799e+01 -1.974007627700321565e-01
4.625930000000000319e+01 -1.428596073177400838e-01
4.635920000000000130e+01 -8.096009269656795349e-02
4.645909999999999940e+01 -1.403024924655741842e-02
4.655899999999999750e+01 5.516246503575628762e-02
4.665899999999999892e+01 1.248804600087315558e-01
4.675889999999999702e+01 1.911183863918778925e-01
4.685880000000000223e+01 2.529596816132120285e-01
4.695870000000000033e+01 3.078584854526192904e-01
4.705859999999999843e+01 3.538870952318122765e-01
4.715849999999999653e+01 3.899328371006774985e-01
4.725840000000000174e+01 4.145325642381136322e-01
4.735829999999999984e+01 4.266253222760753028e-01
4.745830000000000126e+01 4.265826147663983048e-01
4.755819999999999936e+01 4.131496005107427871e-01
4.765809999999999746e+01 3.867914805154104019e-01
4.775800000000000267e+01 3.472239611263640002e-01
4.785790000000000077e+01 2.949839504659242939e-01
4.795779999999999887e+01 2.316514113163606337e-01
4.805769999999999698e+01 1.582020617458313183e-01
4.815760000000000218e+01 7.665653393441257402e-02
4.825750000000000028e+01 -9.731307643167265778e-03
4.835750000000000171e+01 -9.771172485507320649e-02
4.845739999999999981e+01 -1.831286652044571417e-01
4.855729999999999791e+01 -2.614394722823897843e-01
4.865720000000000312e+01 -3.284890449163493931e-01
4.875710000000000122e+01 -3.792419417900049772e-01
4.885699999999999932e+01 -4.114422423220778224e-01
4.895689999999999742e+01 -4.214909975231374006e-01
4.905680000000000263e+01 -4.085023684305011948e-01
4.915679999999999694e+01 -3.735526983415204949e-01
4.925670000000000215e+01 -3.181279199239099853e-01
4.935660000000000025e+01 -2.466409448125878312e-01
4.945649999999999835e+01 -1.646629961821538535e-01
4.955639999999999645e+01 -7.856032656831610228e-02
4.965630000000000166e+01 4.655271411490967057e-03
4.975619999999999976e+01 7.835381588651496587e-02
4.985609999999999786e+01 1.364160275413141554e-01
4.995609999999999928e+01 1.737846911920926940e-01
5.005599999999999739e+01 1.884781301045972690e-01
5.015590000000000259e+01 1.796159232887930557e-01
5.025580000000000069e+01 1.490849242802246843e-01
5.035569999999999879e+01 1.004176264236710941e-01
5.045559999999999690e+01 3.962124501396777077e-02
5.055550000000000210e+01 -2.669858026567487053e-02
5.065540000000000020e+01 -9.103795096353073379e-02
5.075540000000000163e+01 -1.469323071580926898e-01
5.085529999999999973e+01 -1.874158761811529073e-01
5.095519999999999783e+01 -2.093945228000259617e-01
5.105510000000000304e+01 -2.099824355428706602e-01
5.115500000000000114e+01 -1.895530311715070970e-01
5.125489999999999924e+01 -1.493782300685913556e-01
5.135479999999999734e+01 -9.427386784780278361e-02
5.145470000000000255e+01 -2.929251639056288173e-02
5.155460000000000065e+01 4.014773331320600769e-02
5.165460000000000207e+01 1.075553097121918211e-01
5.175450000000000017e+01 1.672208272638909254e-01
5.185439999999999827e+01 2.147966362151874642e-01
5.195430000000000348e+01 2.475201161443786879e-01
5.205420000000000158e+01 2.642062363019681004e-01
5.215409999999999968e+01 2.645336424110650286e-01
5.225399999999999778e+01 2.507523219224945810e-01
5.235390000000000299e+01 2.248661760185415304e-01
5.245389999999999731e+01 1.902111528332998680e-01
5.255380000000000251e+01 1.495475398849861193e-01
5.265370000000000061e+01 1.066995407856752287e-01
5.275359999999999872e+01 6.268985869579966896e-02
5.285349999999999682e+01 2.019658808051148433e-02
5.295340000000000202e+01 -2.023516160083846382e-02
5.305330000000000013e+01 -5.765472458916653248e-02
5.315319999999999823e+01 -9.209299345765130373e-02
5.325319999999999965e+01 -1.231824323560438555e-01
5.335309999999999775e+01 -1.482680034410394643e-01
5.345300000000000296e+01 -1.676425900713446326e-01
5.355290000000000106e+01 -1.784364986515314944e-01
5.365279999999999916e+01 -1.783128158157650245e-01
5.375269999999999726e+01 -1.646390220117087411e-01
5.385260000000000247e+01 -1.353097489597363257e-01
5.395250000000000057e+01 -8.920421929980841547e-02
5.405250000000000199e+01 -2.773461928249159464e-02
5.415240000000000009e+01 4.775795440918659263e-02
5.425229999999999819e+01 1.330091560864354594e-01
5.435220000000000340e+01 2.203166680271343436e-01
5.445210000000000150e+01 3.024858707161673932e-01
5.455199999999999960e+01 3.693732979386843418e-01
5.465189999999999770e+01 4.117734543438871797e-01
5.475180000000000291e+01 4.213114163605287676e-01
5.485170000000000101e+01 3.913538563166794049e-01
5.495170000000000243e+01 3.180884684245382510e-01
5.505160000000000053e+01 2.027522342513762565e-01
5.515149999999999864e+01 4.870895756414539424e-02
5.525139999999999674e+01 -1.337884048103479273e-01
5.535130000000000194e+01 -3.321764375323879026e-01
5.545120000000000005e+01 -5.308725206381900152e-01
5.555109999999999815e+01 -7.120593133068366942e-01
5.565100000000000335e+01 -8.580475609464530695e-01
5.575099999999999767e+01 -9.530817456834240753e-01
5.585090000000000288e+01 -9.842791144075375698e-01
5.595080000000000098e+01 -9.443660682438457243e-01
5.605069999999999908e+01 -8.304148021369291977e-01
5.615059999999999718e+01 -6.476809837733326081e-01
5.625050000000000239e+01 -4.058304549558011121e-01
5.635040000000000049e+01 -1.209662750567461753e-01
5.645029999999999859e+01 1.865218779053723352e-01
5.655030000000000001e+01 4.963094133603253022e-01
5.665019999999999811e+01 7.828709257543694511e-01
5.675010000000000332e+01 1.026512970797808455e+00
5.685000000000000142e+01 1.208621770360523540e+00
5.694989999999999952e+01 1.315876030341857295e+00
5.704979999999999762e+01 1.341593760568488225e+00
5.714970000000000283e+01 1.284680548253353871e+00
5.724960000000000093e+01 1.150729127703759902e+00
5.734960000000000235e+01 9.496560060797747393e-01
5.744950000000000045e+01 6.978012785942329099e-01
5.754939999999999856e+01 4.127238266108128051e-01
5.764929999999999666e+01 1.136201784595968906e-01
5.774920000000000186e+01 -1.803832397116320319e-01
5.784909999999999997e+01 -4.535149715302340678e-01
5.794899999999999807e+01 -6.909915353092626056e-01
5.804890000000000327e+01 -8.830970765504065900e-01
5.814880000000000138e+01 -1.023433961287015803e+00
5.824880000000000280e+01 -1.110771125049558439e+00
5.834870000000000090e+01 -1.144611897023861014e+00
5.844859999999999900e+01 -1.129956166552265051e+00
5.854849999999999710e+01 -1.071427504241524220e+00
5.864840000000000231e+01 -9.749109180564707877e-01
5.874830000000000041e+01 -8.484906019364381047e-01
5.884819999999999851e+01 -6.968335117358175346e-01
5.894809999999999661e+01 -5.269787861495051073e-01
5.904809999999999803e+01 -3.439704948577591570e-01
5.914800000000000324e+01 -1.531308511140234696e-01
5.924790000000000134e+01 3.937669754264021271e-02
5.934779999999999944e+01 2.291773965634787413e-01
5.944769999999999754e+01 4.083705364834713247e-01
5.954760000000000275e+01 5.708995865612408460e-01
5.964750000000000085e+01 7.092343008639934165e-01
5.974739999999999895e+01 8.167777879109426875e-01
5.984740000000000038e+01 8.863907856699843046e-01
5.994729999999999848e+01 9.133707528248768970e-01
6.004719999999999658e+01 5.436180964712913344e-01
6.014710000000000178e+01 4.305249727731307319e-01
6.024699999999999989e+01 2.936559488167383436e-01
6.034689999999999799e+01 1.468865892516170724e-01
6.044680000000000319e+01 -3.372783141460699782e-03
6.054670000000000130e+01 -1.470512100310499282e-01
6.064670000000000272e+01 -2.798953935984978547e-01
6.074660000000000082e+01 -3.886000892284648400e-01
6.084649999999999892e+01 -4.708142432371208996e-01
6.094639999999999702e+01 -5.264209155511049287e-01
6.104630000000000223e+01 -5.534493476309843007e-01
6.114620000000000033e+01 -5.505502729690064934e-01
6.124609999999999843e+01 -5.223597339172987297e-01
6.134599999999999653e+01 -4.755742800263679793e-01
6.144590000000000174e+01 -4.142903527204080394e-01
6.154590000000000316e+01 -3.428600858938583573e-01
6.164580000000000126e+01 -2.681719070471720312e-01
6.174569999999999936e+01 -1.984825242514401955e-01
6.184559999999999746e+01 -1.412170613128903573e-01
6.194550000000000267e+01 -9.410272833443361629e-02
6.204540000000000077e+01 -6.320269241032434870e-02
6.214529999999999887e+01 -5.455326470686960166e-02
6.224519999999999698e+01 -6.050633539160482632e-02
6.234519999999999840e+01 -8.153236439609436170e-02
6.244509999999999650e+01 -1.191858580910067494e-01
6.254500000000000171e+01 -1.603508972568810642e-01
6.264489999999999981e+01 -2.058341018000607314e-01
6.274479999999999791e+01 -2.494082291062308665e-01
6.284470000000000312e+01 -2.822556735049933097e-01
6.294460000000000122e+01 -2.949049082042601855e-01
6.304449999999999932e+01 -2.887094364037116057e-01
6.314450000000000074e+01 -2.647213052408782241e-01
6.324439999999999884e+01 -2.122142152888706612e-01
6.334429999999999694e+01 -1.295031144627341868e-01
6.344420000000000215e+01 -2.478661238686902246e-02
6.354410000000000025e+01 1.026363993594988921e-01
6.364399999999999835e+01 2.488974002214659476e-01
6.374389999999999645e+01 4.020091825350901038e-01
6.384380000000000166e+01 5.596261761854376404e-01
6.394380000000000308e+01 7.115498488959079992e-01
6.404370000000000118e+01 8.507014724789103699e-01
6.414360000000000639e+01 9.687756100970482676e-01
6.424349999999999739e+01 1.057127734116000806e+00
6.434340000000000259e+01 1.113952608020613244e+00
6.444329999999999359e+01 1.135334344313277732e+00
6.454319999999999879e+01 1.114078208443427975e+00
6.464310000000000400e+01 1.061780333227824391e+00
6.474299999999999500e+01 9.765433499249751570e-01
6.484300000000000352e+01 8.569092615866062967e-01
6.494289999999999452e+01 7.223897290127822002e-01
6.504279999999999973e+01 5.725461897295086588e-01
6.514270000000000493e+01 4.175154704639714720e-01
6.524259999999999593e+01 2.714538184005850785e-01
6.534250000000000114e+01 1.402048548147799001e-01
6.544240000000000634e+01 3.394993763182860280e-02
6.554229999999999734e+01 -4.032911517383097610e-02
6.564230000000000587e+01 -7.611331720336245166e-02
6.574219999999999686e+01 -7.797698538479334862e-02
6.584210000000000207e+01 -3.642043968811851939e-02
6.594199999999999307e+01 4.002575430928691919e-02
6.604189999999999827e+01 1.481032357918707354e-01
6.614180000000000348e+01 2.763412689941164291e-01
6.624169999999999447e+01 4.184515549414761781e-01
6.634159999999999968e+01 5.713409608829459474e-01
6.644159999999999400e+01 7.113965456813426957e-01
6.654149999999999920e+01 8.390721764414447170e-01
6.664140000000000441e+01 9.337392754327002997e-01
6.674129999999999541e+01 9.954759405142376005e-01
6.684120000000000061e+01 1.018602717396168256e+00
6.694110000000000582e+01 9.894028714200138186e-01
6.704099999999999682e+01 9.197023394714474165e-01
6.714090000000000202e+01 8.049245779749695240e-01
6.724079999999999302e+01 6.515811495186997204e-01
6.734080000000000155e+01 4.674188020189726234e-01
6.744070000000000675e+01 2.581579409691273641e-01
6.754059999999999775e+01 3.898965893718198128e-02
6.764050000000000296e+01 -1.842651997131571906e-01
6.774039999999999395e+01 -3.929835232038990656e-01
6.784029999999999916e+01 -5.829299903975709851e-01
6.794020000000000437e+01 -7.407942961370513890e-01
6.804009999999999536e+01 -8.629948222795374990e-01
6.814010000000000389e+01 -9.414119792600134096e-01
6.823999999999999488e+01 -9.750818442440933875e-01
6.833990000000000009e+01 -9.660299097491356068e-01
6.843980000000000530e+01 -9.181258352550630830e-01
6.853969999999999629e+01 -8.339966482904780376e-01
6.863960000000000150e+01 -7.212583927707276743e-01
6.873950000000000671e+01 -5.924259095424628807e-01
6.883939999999999770e+01 -4.496058910312654699e-01
6.893940000000000623e+01 -3.075488516684483642e-01
6.903929999999999723e+01 -1.727984278789464201e-01
6.913920000000000243e+01 -5.882055757797817475e-02
6.923909999999999343e+01 4.156268399285448917e-02
6.933899999999999864e+01 1.117841015233966839e-01
6.943890000000000384e+01 1.597892562667199146e-01
6.953879999999999484e+01 1.822169880726660363e-01
6.963870000000000005e+01 1.793987588595485905e-01
6.973869999999999436e+01 1.586216341086846560e-01
6.983859999999999957e+01 1.268528832330728107e-01
6.993850000000000477e+01 8.987039255624794387e-02
7.003839999999999577e+01 5.206627138151018186e-02
7.013830000000000098e+01 2.044621833029232338e-02
7.023820000000000618e+01 2.386288435682434872e-03
7.033809999999999718e+01 -1.499936445355336267e-04
7.043800000000000239e+01 2.191841039032766530e-02
7.053789999999999338e+01 5.560398772426358716e-02
7.063790000000000191e+01 1.050667371711493103e-01
7.073779999999999291e+01 1.672610719388815947e-01
7.083769999999999811e+01 2.381759935218446533e-01
7.093760000000000332e+01 3.079907341455658809e-01
7.103749999999999432e+01 3.771184359074406522e-01
7.113739999999999952e+01 4.317375787953057209e-01
7.123730000000000473e+01 4.760180236305920354e-01
7.133719999999999573e+01 4.982874502663940386e-01
7.143720000000000425e+01 4.981231481757865120e-01
7.153709999999999525e+01 4.670508880307399080e-01
7.163700000000000045e+01 4.195014621778224706e-01
7.173690000000000566e+01 3.529728903899040371e-01
7.183679999999999666e+01 2.665390743459859491e-01
7.193670000000000186e+01 1.766438172531770712e-01
7.203660000000000707e+01 8.480718303588132001e-02
7.213649999999999807e+01 -3.743797635263602236e-03
7.223650000000000659e+01 -7.295151246267683742e-02
7.233639999999999759e+01 -1.286583420109512488e-01
7.243630000000000280e+01 -1.601712424216628072e-01
7.253619999999999379e+01 -1.568154590722438957e-01
7.263609999999999900e+01 -1.263276959535356014e-01
7.273600000000000421e+01 -6.607560866872649874e-02
7.283589999999999520e+01 1.625448571304808840e-02
7.293580000000000041e+01 1.222310947449132962e-01
7.303579999999999472e+01 2.406928669827820833e-01
7.313569999999999993e+01 3.613780683673129546e-01
7.323560000000000514e+01 4.733550037622429874e-01
7.333549999999999613e+01 5.759653265981279358e-01
7.343540000000000134e+01 6.567150631494294011e-01
7.353530000000000655e+01 7.069757074610656389e-01
7.363519999999999754e+01 7.293172816167895478e-01
7.373510000000000275e+01 7.104458459523160796e-01
7.383499999999999375e+01 6.599433210700272889e-01
7.393500000000000227e+01 5.723644578937238103e-01
7.403489999999999327e+01 4.591607748175223769e-01
7.413479999999999848e+01 3.253789788320898269e-01
7.423470000000000368e+01 1.804815880997569510e-01
7.433459999999999468e+01 3.827011556661480407e-02
7.443449999999999989e+01 -1.007082342098434280e-01
7.453440000000000509e+01 -2.197870773292406044e-01
7.463429999999999609e+01 -3.127233254985451461e-01
7.473430000000000462e+01 -3.713410512998934210e-01
7.483419999999999561e+01 -3.997165016545228267e-01
7.493410000000000082e+01 -3.893216282648293003e-01
7.503400000000000603e+01 -3.472755045665206208e-01
7.513389999999999702e+01 -2.811756211528158023e-01
7.523380000000000223e+01 -1.838384229216556420e-01
7.533369999999999322e+01 -8.301989266576692561e-02
7.543359999999999843e+01 1.702783727259679636e-02
7.553360000000000696e+01 1.065467647092392944e-01
7.563349999999999795e+01 1.812013495605925284e-01
7.573340000000000316e+01 2.240275152679564452e-01
7.583329999999999416e+01 2.257105461388790868e-01
7.593319999999999936e+01 1.872871537205288428e-01
7.603310000000000457e+01 1.069692059135824158e-01
7.613299999999999557e+01 -1.145416412191046021e-02
7.623290000000000077e+01 -1.619669786204853967e-01
7.633289999999999509e+01 -3.390394304619813171e-01
7.643280000000000030e+01 -5.320015002271973881e-01
7.653270000000000550e+01 -7.195830968513929893e-01
7.663259999999999650e+01 -8.956728199324675010e-01
7.673250000000000171e+01 -1.046039095669894614e+00
7.683240000000000691e+01 -1.153137795470951854e+00
7.693229999999999791e+01 -1.210449921581497223e+00
7.703220000000000312e+01 -1.206928219656298040e+00
7.713209999999999411e+01 -1.138752419393275206e+00
7.723210000000000264e+01 -1.007725133046942778e+00
7.733199999999999363e+01 -8.145185324612633782e-01
7.743189999999999884e+01 -5.721242349978576947e-01
7.753180000000000405e+01 -2.916180939415664031e-01
7.763169999999999504e+01 1.349806462137892113e-02
7.773160000000000025e+01 3.253485795079475995e-01
7.783150000000000546e+01 6.313723876035148841e-01
7.793139999999999645e+01 9.089305180828815001e-01
7.803140000000000498e+01 1.145742489836397926e+00
7.813129999999999598e+01 1.320266159974754272e+00
7.823120000000000118e+01 1.427176377336947688e+00
7.833110000000000639e+01 1.460089052150876032e+00
7.843099999999999739e+01 1.415069863399503802e+00
7.853090000000000259e+01 1.296663157946065237e+00
7.863079999999999359e+01 1.106405346578941407e+00
7.873069999999999879e+01 8.634425582132548849e-01
7.883069999999999311e+01 5.736941053639056376e-01
7.893059999999999832e+01 2.638583186293766425e-01
7.903050000000000352e+01 -1.623929375709668999e-01
7.913039999999999452e+01 -4.732789482200896458e-01
7.923029999999999973e+01 -7.616094494045767549e-01
7.933020000000000493e+01 -9.912071572225857885e-01
7.943009999999999593e+01 -1.157388510584519636e+00
7.953000000000000114e+01 -1.245549695177750049e+00
7.962999999999999545e+01 -1.263904827707722278e+00
7.972990000000000066e+01 -1.193988107479879490e+00
7.982980000000000587e+01 -1.058585808984386922e+00
7.992969999999999686e+01 -8.719361335557822557e-01
8.002960000000000207e+01 -6.214390791373463063e-01
8.012949999999999307e+01 -3.410573363861524321e-01
8.022939999999999827e+01 -4.070492880118772860e-02
8.032930000000000348e+01 2.552638150274098017e-01
8.042919999999999447e+01 5.463494228402475672e-01
8.052920000000000300e+01 7.954399628016136647e-01
8.062909999999999400e+01 1.008990724615623114e+00
8.072899999999999920e+01 1.168192938346235943e+00
8.082890000000000441e+01 1.270297755298454012e+00
8.092879999999999541e+01 1.319429324933351078e+00
8.102870000000000061e+01 1.301874717262068160e+00
8.112860000000000582e+01 1.226166917533764167e+00
8.122849999999999682e+01 1.106340567029021837e+00
8.132850000000000534e+01 9.462834971806547424e-01
8.142839999999999634e+01 7.544510228807979058e-01
8.152830000000000155e+01 5.334251729670964615e-01
8.162820000000000675e+01 3.124724855278714353e-01
8.172809999999999775e+01 8.541369234306279978e-02
8.182800000000000296e+01 -1.320326028349004810e-01
8.192789999999999395e+01 -3.378092527275881052e-01
8.202779999999999916e+01 -5.142164680256875453e-01
8.212779999999999347e+01 -6.678880397579879391e-01
8.222769999999999868e+01 -7.908877813276735669e-01
8.232760000000000389e+01 -8.775298187540568895e-01
8.242749999999999488e+01 -9.300684601124422635e-01
8.252740000000000009e+01 -9.503689855946414466e-01
8.262730000000000530e+01 -9.366537782501652698e-01
8.272719999999999629e+01 -8.975950585163845474e-01
8.282710000000000150e+01 -8.283055846480700257e-01
8.292700000000000671e+01 -7.384750621616387178e-01
8.302700000000000102e+01 -6.329816913391757005e-01
8.312690000000000623e+01 -5.123404014823348396e-01
8.322679999999999723e+01 -3.852801201388535990e-01
8.332670000000000243e+01 -2.616817065238555839e-01
8.342659999999999343e+01 -1.378399854656555124e-01
8.352649999999999864e+01 -2.233300776281605532e-02
8.362640000000000384e+01 7.892588176394049748e-02
8.372629999999999484e+01 1.581664409790519699e-01
8.382630000000000337e+01 2.176113214969444543e-01
8.392619999999999436e+01 2.509485511085846610e-01
8.402609999999999957e+01 2.584509366705087796e-01
8.412600000000000477e+01 2.406054020855849518e-01
8.422589999999999577e+01 1.948902638621157757e-01
8.432580000000000098e+01 1.175692415351096698e-01
8.442570000000000618e+01 3.127162532249107285e-02
8.452559999999999718e+01 -7.270030323195553201e-02
8.462560000000000571e+01 -1.920489129708063958e-01
8.472549999999999670e+01 -3.124822606005546732e-01
8.482540000000000191e+01 -4.293254107559715260e-01
8.492529999999999291e+01 -5.378436648501153661e-01
8.502519999999999811e+01 -6.284964973312670011e-01
8.512510000000000332e+01 -7.024229241368624699e-01
8.522499999999999432e+01 -7.501438018275516928e-01
8.532489999999999952e+01 -7.831682757464840661e-01
8.542489999999999384e+01 -7.701556275252633421e-01
8.552479999999999905e+01 -7.363344155800833901e-01
8.562470000000000425e+01 -6.775863962679363750e-01
8.572459999999999525e+01 -5.992726147985537599e-01
8.582450000000000045e+01 -5.012349556838004982e-01
8.592440000000000566e+01 -3.916591978039810074e-01
8.602429999999999666e+01 -2.844202728045460149e-01
8.612420000000000186e+01 -1.715589246462035367e-01
8.622410000000000707e+01 -6.717883715271687206e-02
8.632410000000000139e+01 1.337661297489420309e-02
8.642400000000000659e+01 7.080646090718362151e-02
8.652389999999999759e+01 1.119814355450223092e-01
8.662380000000000280e+01 1.218839227377236101e-01
8.672369999999999379e+01 9.923722825832612116e-02
8.682359999999999900e+01 5.253885541460263930e-02
8.692350000000000421e+01 -2.924198950761575100e-02
8.702339999999999520e+01 -1.230574978405949149e-01
8.712340000000000373e+01 -2.397782241961469718e-01
8.722329999999999472e+01 -3.723260530191642714e-01
8.732319999999999993e+01 -5.090575383799276210e-01
8.742310000000000514e+01 -6.419443331318080981e-01
8.752299999999999613e+01 -7.726397988136796124e-01
8.762290000000000134e+01 -8.878134324292521473e-01
8.772280000000000655e+01 -9.778047382379657648e-01
8.782269999999999754e+01 -1.049564287575933452e+00
8.792270000000000607e+01 -1.077287338746098611e+00
8.802259999999999707e+01 -1.084868368009324513e+00
8.812250000000000227e+01 -1.060956833204826477e+00
8.822239999999999327e+01 -1.009902889542571014e+00
8.832229999999999848e+01 -9.346538512329576331e-01
8.842220000000000368e+01 -8.328912212247925329e-01
8.852209999999999468e+01 -7.240427283524997204e-01
8.862199999999999989e+01 -6.040876744698442380e-01
8.872199999999999420e+01 -4.990329247184641104e-01
8.882189999999999941e+01 -4.023149866826211118e-01
8.892180000000000462e+01 -3.353364042626350017e-01
8.902169999999999561e+01 -3.010365856231337345e-01
8.912160000000000082e+01 -3.041184202431989059e-01
8.922150000000000603e+01 -3.551622728144627206e-01
8.932139999999999702e+01 -4.588939726856765544e-01
8.942130000000000223e+01 -6.092492190236342697e-01
8.952119999999999322e+01 -8.220310668054456871e-01
8.962120000000000175e+01 -1.071997073017310065e+00
8.972110000000000696e+01 -1.380795444234798941e+00
8.982099999999999795e+01 -1.713256538528727724e+00
8.992090000000000316e+01 -2.070884821687297705e+00
9.002079999999999416e+01 -2.450147068194610256e+00
9.012069999999999936e+01 -2.831450870817781684e+00
9.022060000000000457e+01 -3.200410302484690384e+00
9.032049999999999557e+01 -3.557990767320134751e+00
9.042050000000000409e+01 -3.891554632809675063e+00
9.052039999999999509e+01 -4.195068628388312959e+00
9.062030000000000030e+01 -4.463556198563056299e+00
9.072020000000000550e+01 -4.696003743174114398e+00
9.082009999999999650e+01 -4.893352142057810994e+00
9.092000000000000171e+01 -5.071236610577842363e+00
9.101990000000000691e+01 -5.218428736201166096e+00
9.111979999999999791e+01 -5.360731649355047423e+00
9.121980000000000643e+01 -5.506374857975398385e+00
9.131969999999999743e+01 -5.662287767775598724e+00
9.141960000000000264e+01 -5.835570775267163945e+00
9.151949999999999363e+01 -6.052228011968433741e+00
9.161939999999999884e+01 -6.297959000960457132e+00
9.171930000000000405e+01 -6.607939265507590143e+00
9.181919999999999504e+01 -6.966973498685791633e+00
9.191910000000000025e+01 -7.375229282184864843e+00
9.201909999999999457e+01 -7.836531467047356259e+00
9.211899999999999977e+01 -8.337838759260042920e+00
9.221890000000000498e+01 -8.885281921439730723e+00
9.231879999999999598e+01 -9.453636154981499118e+00
9.241870000000000118e+01 -1.003368061135016376e+01
9.251860000000000639e+01 -1.061463159450998539e+01
9.261849999999999739e+01 -1.116723962328715558e+01
9.271840000000000259e+01 -1.169196704506004991e+01
9.281829999999999359e+01 -1.214630544308683646e+01
9.291819999999999879e+01 -1.254219081558774640e+01
9.301819999999999311e+01 -1.283306233753607017e+01
9.311809999999999832e+01 -1.301328854042375838e+01
9.321800000000000352e+01 -1.306068325730378987e+01
9.331789999999999452e+01 -1.295550510434636138e+01
9.341779999999999973e+01 -1.268771590170011798e+01
9.351770000000000493e+01 -1.222056657636512078e+01
9.361759999999999593e+01 -1.155233441080081747e+01
9.371760000000000446e+01 -1.066143268454271720e+01
9.381749999999999545e+01 -9.532280490029641840e+00
9.391740000000000066e+01 -8.167261063907519159e+00
9.401730000000000587e+01 -6.547332385358397566e+00
9.411719999999999686e+01 -4.672938322641097209e+00
9.421710000000000207e+01 -2.560478914000142936e+00
9.431699999999999307e+01 -2.172037851744980097e-01
9.441689999999999827e+01 2.332865277711815732e+00
9.451690000000000680e+01 5.059843040979944639e+00
9.461679999999999779e+01 7.909096508049874075e+00
9.471670000000000300e+01 1.083298534627305365e+01
9.481659999999999400e+01 1.377539250851433472e+01
9.491649999999999920e+01 1.668040031933369249e+01
9.501640000000000441e+01 1.944787625369517414e+01
9.511629999999999541e+01 2.201963393263697810e+01
9.521620000000000061e+01 2.431617675345490071e+01
9.531619999999999493e+01 2.627200986938510496e+01
9.541610000000000014e+01 2.780189530356162564e+01
9.551600000000000534e+01 2.885247721708224589e+01
9.561589999999999634e+01 2.938518207691183903e+01
9.571580000000000155e+01 2.934555350892080128e+01
9.581570000000000675e+01 2.874091296538587770e+01
9.591559999999999775e+01 2.754763137741845114e+01
9.601550000000000296e+01 2.579985521776544743e+01
9.611539999999999395e+01 2.351857444709877498e+01
9.621529999999999916e+01 2.076617702115596487e+01
9.631529999999999347e+01 1.760183107769858424e+01
9.641519999999999868e+01 1.410013011014503093e+01
9.651510000000000389e+01 1.036239207772070792e+01
9.661499999999999488e+01 6.478859854812498931e+00
9.671490000000000009e+01 2.537260195539950747e+00
9.681480000000000530e+01 -1.343032480360236702e+00
9.691469999999999629e+01 -5.083228920877350454e+00
9.701470000000000482e+01 -8.579371619476575006e+00
9.711459999999999582e+01 -1.176431793993793384e+01
9.721450000000000102e+01 -1.454801370246231862e+01
9.731440000000000623e+01 -1.687862831895396099e+01
9.741429999999999723e+01 -1.871377579271380043e+01
9.751420000000000243e+01 -2.001407275872584890e+01
9.761409999999999343e+01 -2.076264663189867932e+01
9.771399999999999864e+01 -2.095236024234562322e+01
9.781399999999999295e+01 -2.058377417067837101e+01
9.791389999999999816e+01 -1.968524856999804129e+01
9.801380000000000337e+01 -1.827041229580947501e+01
9.811369999999999436e+01 -1.638603814433991346e+01
9.821359999999999957e+01 -1.408125153211658009e+01
9.831350000000000477e+01 -1.142163198116896616e+01
9.841339999999999577e+01 -8.459835211192322291e+00
9.851330000000000098e+01 -5.270628136499029281e+00
9.861320000000000618e+01 -1.932542916502844266e+00
9.871320000000000050e+01 1.481219383674087231e+00
9.881310000000000571e+01 4.875365315830992863e+00
9.891299999999999670e+01 8.176262170630508308e+00
9.901290000000000191e+01 1.128782496926428713e+01
9.911279999999999291e+01 1.413964408146427054e+01
9.921269999999999811e+01 1.664080377565813507e+01
9.931260000000000332e+01 1.872981120818932865e+01
9.941249999999999432e+01 2.034712041313776965e+01
9.951239999999999952e+01 2.143875015166152309e+01
9.961239999999999384e+01 2.197022994114058747e+01
9.971229999999999905e+01 2.191867039837034525e+01
9.981220000000000425e+01 2.128090509415545384e+01
9.991209999999999525e+01 2.007190215198327010e+01
1.000120000000000005e+02 1.832069923810463052e+01
1.001119999999999948e+02 1.606619671566973295e+01
1.002120000000000033e+02 1.338248561608551412e+01
1.003119999999999976e+02 1.035171454128333046e+01
1.004120000000000061e+02 7.051134373260165233e+00
1.005120000000000005e+02 3.583007490682003304e+00
1.006110000000000042e+02 8.744655880745921817e-02
1.007109999999999985e+02 -3.402336016360105297e+00
1.008110000000000070e+02 -6.760493436154384916e+00
1.009110000000000014e+02 -9.878362568250530273e+00
1.010109999999999957e+02 -1.266092702857423546e+01
1.011110000000000042e+02 -1.505306444256633114e+01
1.012109999999999985e+02 -1.696989870466417827e+01
1.013110000000000070e+02 -1.837443249641091825e+01
1.014110000000000014e+02 -1.922853926006510150e+01
1.015109999999999957e+02 -1.952641520526845653e+01
1.016110000000000042e+02 -1.925413381244799993e+01
1.017109999999999985e+02 -1.843702764216486756e+01
1.018100000000000023e+02 -1.712384520687950840e+01
1.019099999999999966e+02 -1.532369534158396718e+01
1.020100000000000051e+02 -1.309937997330241544e+01
1.021099999999999994e+02 -1.053141002022603701e+01
1.022099999999999937e+02 -7.678364325045597738e+00
1.023100000000000023e+02 -4.624377630126821792e+00
1.024099999999999966e+02 -1.454023029173502790e+00
1.025100000000000051e+02 1.754100454359044381e+00
1.026099999999999994e+02 4.910553461305781298e+00
1.027099999999999937e+02 7.930853132198070199e+00
1.028100000000000023e+02 1.073590629321147283e+01
1.029090000000000060e+02 1.322119816191124997e+01
1.030090000000000003e+02 1.538788929690093532e+01
1.031089999999999947e+02 1.712793865183741815e+01
1.032090000000000032e+02 1.839972850117344905e+01
1.033089999999999975e+02 1.916950567282399120e+01
1.034090000000000060e+02 1.941499123592498677e+01
1.035090000000000003e+02 1.911173215864764785e+01
1.036089999999999947e+02 1.827887435028424434e+01
1.037090000000000032e+02 1.692595161640634771e+01
1.038089999999999975e+02 1.510015466566697029e+01
1.039090000000000060e+02 1.285566097844962208e+01
1.040090000000000003e+02 1.024315734348057383e+01
1.041080000000000041e+02 7.386796721567585600e+00
1.042079999999999984e+02 4.310899803037558264e+00
1.043080000000000069e+02 1.133671537004231178e+00
1.044080000000000013e+02 -2.044751336761453597e+00
1.045079999999999956e+02 -5.112100707997791815e+00
1.046080000000000041e+02 -7.992319469420753109e+00
1.047079999999999984e+02 -1.058489341726620125e+01
1.048080000000000069e+02 -1.281406293955292419e+01
1.049080000000000013e+02 -1.461600148467550220e+01
1.050079999999999956e+02 -1.593922406152672266e+01
1.051080000000000041e+02 -1.675906398092642391e+01
1.052069999999999936e+02 -1.705181308387162886e+01
1.053070000000000022e+02 -1.683416671951617971e+01
1.054069999999999965e+02 -1.611895120282428451e+01
1.055070000000000050e+02 -1.495909378936103273e+01
1.056069999999999993e+02 -1.340235292106438436e+01
1.057069999999999936e+02 -1.149819080300233587e+01
1.058070000000000022e+02 -9.336780669831373558e+00
1.059069999999999965e+02 -7.000014957408383864e+00
1.060070000000000050e+02 -4.552022717530542550e+00
1.061069999999999993e+02 -2.093410644430400591e+00
1.062069999999999936e+02 3.051744121885596739e-01
1.063059999999999974e+02 2.549457331084466816e+00
1.064060000000000059e+02 4.632733092408112263e+00
1.065060000000000002e+02 6.465720898662507210e+00
1.066059999999999945e+02 8.011521473174711971e+00
1.067060000000000031e+02 9.243600715477697349e+00
1.068059999999999974e+02 1.012830297713530214e+01
1.069060000000000059e+02 1.066354851084945388e+01
1.070060000000000002e+02 1.085489561290496496e+01
1.071059999999999945e+02 1.070935104565703533e+01
1.072060000000000031e+02 1.024165209079423278e+01
1.073059999999999974e+02 9.481233595593502983e+00
1.074060000000000059e+02 8.459007491982363902e+00
1.075049999999999955e+02 7.223399439572996350e+00
1.076050000000000040e+02 5.804651271737726326e+00
1.077049999999999983e+02 4.245974398794844618e+00
1.078050000000000068e+02 2.608268892520600346e+00
1.079050000000000011e+02 9.242956814415995703e-01
1.080049999999999955e+02 -7.407057354634770663e-01
1.081050000000000040e+02 -2.345601307656086210e+00
1.082049999999999983e+02 -3.840639957677338234e+00
1.083050000000000068e+02 -5.187401792331326256e+00
1.084050000000000011e+02 -6.332112737433294392e+00
1.085049999999999955e+02 -7.259241716196115135e+00
1.086039999999999992e+02 -7.916729313339114782e+00
1.087039999999999935e+02 -8.316403248704215656e+00
1.088040000000000020e+02 -8.421165619464130003e+00
1.089039999999999964e+02 -8.243749195020773968e+00
1.090040000000000049e+02 -7.780035704108811956e+00
1.091039999999999992e+02 -7.057357344049017378e+00
1.092039999999999935e+02 -6.096726701099583146e+00
1.093040000000000020e+02 -4.948496362291236572e+00
1.094039999999999964e+02 -3.620968054892684584e+00
1.095040000000000049e+02 -2.193377299248604473e+00
1.096039999999999992e+02 -7.070517526650196283e-01
1.097030000000000030e+02 7.769217611081421504e-01
1.098029999999999973e+02 2.223866515275862987e+00
1.099030000000000058e+02 3.580463454514192012e+00
1.100030000000000001e+02 4.789231496567381896e+00
1.101029999999999944e+02 5.826090102994642805e+00
1.102030000000000030e+02 6.634082032614711189e+00
1.103029999999999973e+02 7.214913935994895056e+00
1.104030000000000058e+02 7.544000555630393734e+00
1.105030000000000001e+02 7.615195923888910201e+00
1.106029999999999944e+02 7.446652761152687816e+00
1.107030000000000030e+02 7.041250057129798456e+00
1.108029999999999973e+02 6.424946994174929316e+00
1.109020000000000010e+02 5.638524751267724788e+00
1.110019999999999953e+02 4.698164301659632613e+00
1.111020000000000039e+02 3.658222081457216390e+00
1.112019999999999982e+02 2.543224289672125327e+00
1.113020000000000067e+02 1.416577481272893513e+00
1.114020000000000010e+02 3.066370009133004282e-01
1.115019999999999953e+02 -7.401294985915313207e-01
1.116020000000000039e+02 -1.700766389706569015e+00
1.117019999999999982e+02 -2.533650097093131937e+00
1.118020000000000067e+02 -3.212354523903993009e+00
1.119020000000000010e+02 -3.729491245042489300e+00
1.120010000000000048e+02 -4.056975675119022462e+00
1.121009999999999991e+02 -4.195910044671242289e+00
1.122009999999999934e+02 -4.150858088976264959e+00
1.123010000000000019e+02 -3.926393433315838788e+00
1.124009999999999962e+02 -3.532252520068569268e+00
1.125010000000000048e+02 -2.990367241634931172e+00
1.126009999999999991e+02 -2.333392540259299430e+00
1.127009999999999934e+02 -1.586636908717340200e+00
1.128010000000000019e+02 -7.747228007251240056e-01
1.129009999999999962e+02 6.016623645515703500e-02
1.130010000000000048e+02 8.834630538683019285e-01
1.131009999999999991e+02 1.665994978715413577e+00
1.132000000000000028e+02 2.364495629116718511e+00
1.132999999999999972e+02 2.958379713702186997e+00
1.134000000000000057e+02 3.427805734567046070e+00
1.135000000000000000e+02 3.741544108677870906e+00
1.135999999999999943e+02 3.903807379196949423e+00
1.137000000000000028e+02 3.891694711222104530e+00
1.137999999999999972e+02 3.727777972962800668e+00
1.139000000000000057e+02 3.396489387104543400e+00
1.140000000000000000e+02 2.937051851240822575e+00
1.140999999999999943e+02 2.362075885810965392e+00
1.142000000000000028e+02 1.699731005022317998e+00
1.142990000000000066e+02 9.997198982092835307e-01
1.143990000000000009e+02 2.718913731043618442e-01
1.144989999999999952e+02 -4.397806281745368917e-01
1.145990000000000038e+02 -1.097993111441150749e+00
1.146989999999999981e+02 -1.692286653819559117e+00
1.147990000000000066e+02 -2.172999481331448379e+00
1.148990000000000009e+02 -2.541312562587035639e+00
1.149989999999999952e+02 -2.780604453716303492e+00
1.150990000000000038e+02 -2.884680117831646129e+00
1.151989999999999981e+02 -2.853785715562627168e+00
1.152990000000000066e+02 -2.698538187278114453e+00
1.153979999999999961e+02 -2.441189523556818397e+00
1.154980000000000047e+02 -2.096386321879047276e+00
1.155979999999999990e+02 -1.681975431064008930e+00
1.156979999999999933e+02 -1.241013350505528967e+00
1.157980000000000018e+02 -7.895153033769416462e-01
1.158979999999999961e+02 -3.439229581623086673e-01
1.159980000000000047e+02 7.788441702159744351e-02
1.160979999999999990e+02 4.336379323695093158e-01
1.161979999999999933e+02 7.269482271434664078e-01
1.162980000000000018e+02 9.461766281237059539e-01
1.163979999999999961e+02 1.088460406447130158e+00
1.164980000000000047e+02 1.157700137622255765e+00
1.165969999999999942e+02 1.149852044694033903e+00
1.166970000000000027e+02 1.093810104135172212e+00
1.167969999999999970e+02 9.905191544585660868e-01
1.168970000000000056e+02 8.441719918903666242e-01
1.169969999999999999e+02 6.813108293718262987e-01
1.170969999999999942e+02 5.114637281219839293e-01
1.171970000000000027e+02 3.470220737135001898e-01
1.172969999999999970e+02 1.995385369880129656e-01
1.173970000000000056e+02 7.095655345649748424e-02
1.174969999999999999e+02 -3.249228650637354943e-02
1.175969999999999942e+02 -9.819671894445246296e-02
1.176959999999999980e+02 -1.558298827467341496e-01
1.177960000000000065e+02 -1.679707880082870197e-01
1.178960000000000008e+02 -1.677354686259745487e-01
1.179959999999999951e+02 -1.519375347464460846e-01
1.180960000000000036e+02 -1.243548803928259255e-01
1.181959999999999980e+02 -9.387707636646094866e-02
1.182960000000000065e+02 -6.794661928349089719e-02
1.183960000000000008e+02 -4.426820826103981810e-02
1.184959999999999951e+02 -2.239103698252485619e-02
1.185960000000000036e+02 -3.715584653039491481e-03
1.186959999999999980e+02 -2.625247139994069112e-03
1.187950000000000017e+02 -1.893255911896998822e-03
1.188949999999999960e+02 -8.204157364306408073e-03
1.189950000000000045e+02 -1.365133055659790984e-02
1.190949999999999989e+02 -1.795215093794252925e-02
1.191949999999999932e+02 -2.244735396581686027e-02
1.192950000000000017e+02 -1.611812288341220312e-02
1.193949999999999960e+02 -1.590291943089939403e-02
1.194950000000000045e+02 5.572295960676390547e-03
1.195949999999999989e+02 2.451280478074228941e-02
1.196949999999999932e+02 5.004814391358082537e-02
1.197950000000000017e+02 6.696089095404765545e-02
1.198949999999999960e+02 9.267924319936579614e-02
