0.000000000000000000e+00 1.331941553468261041e+01
9.990999999999999881e-02 1.339937399508434090e+01
1.998300000000000076e-01 1.349309865342699766e+01
2.997400000000000064e-01 1.360112525777865322e+01
3.996500000000000052e-01 1.372271879474277156e+01
4.995600000000000041e-01 1.385910075557638699e+01
5.994699999999999473e-01 1.400789959704992782e+01
6.993899999999999562e-01 1.416708983961815349e+01
7.993000000000000105e-01 1.434204240255641061e+01
8.992099999999999538e-01 1.452745747807336230e+01
9.991200000000000081e-01 1.472392865845642085e+01
1.099029999999999951e+00 1.493413553915054059e+01
1.198949999999999960e+00 1.514847098362698219e+01
1.298859999999999904e+00 1.537383126007606116e+01
1.398770000000000069e+00 1.561342850349421596e+01
1.498680000000000012e+00 1.585399134035771418e+01
1.598589999999999955e+00 1.610085632142690670e+01
1.698509999999999964e+00 1.635329876980241082e+01
1.798419999999999908e+00 1.661205668546218917e+01
1.898330000000000073e+00 1.687325053172501654e+01
1.998240000000000016e+00 1.713656648388112202e+01
2.098149999999999959e+00 1.740417146833177142e+01
2.198069999999999968e+00 1.767022923839322246e+01
2.297979999999999912e+00 1.793612883268429314e+01
2.397889999999999855e+00 1.820086068534225632e+01
2.497799999999999798e+00 1.846518590071910992e+01
2.597719999999999807e+00 1.872593080191250792e+01
2.697630000000000194e+00 1.898158132891689576e+01
2.797540000000000138e+00 1.923248693514786822e+01
2.897450000000000081e+00 1.947772714991243248e+01
2.997360000000000024e+00 1.971641251695517383e+01
3.097280000000000033e+00 1.994770734359515174e+01
3.197189999999999976e+00 2.017073783898646155e+01
3.297099999999999920e+00 2.038591094431653161e+01
3.397009999999999863e+00 2.059052745575256793e+01
3.496919999999999806e+00 2.078499096019778136e+01
3.596839999999999815e+00 2.096911393588397488e+01
3.696750000000000203e+00 2.114150221727478396e+01
3.796660000000000146e+00 2.130336285052717926e+01
3.896570000000000089e+00 2.145197739224455802e+01
3.996480000000000032e+00 2.158822615427972380e+01
4.096400000000000041e+00 2.171183809748557891e+01
4.196310000000000429e+00 2.182175107136194470e+01
4.296219999999999928e+00 2.191937393803770107e+01
4.396130000000000315e+00 2.200311602307012393e+01
4.496050000000000324e+00 2.207434692652820019e+01
4.595959999999999823e+00 2.213234123654057939e+01
4.695870000000000211e+00 2.217723885891390978e+01
4.795779999999999710e+00 2.220922958524824153e+01
4.895690000000000097e+00 2.222856088673051644e+01
4.995610000000000106e+00 2.223553800575992412e+01
5.095519999999999605e+00 2.223304120157595065e+01
5.195429999999999993e+00 2.221445911930449668e+01
5.295340000000000380e+00 2.218709595209119811e+01
5.395249999999999879e+00 2.214798969537753948e+01
5.495169999999999888e+00 2.209919180593144006e+01
5.595080000000000275e+00 2.204171517145095649e+01
5.694989999999999775e+00 2.197507438357387599e+01
5.794900000000000162e+00 2.190313371700024092e+01
5.894809999999999661e+00 2.182101641376723222e+01
5.994729999999999670e+00 2.173232446651851646e+01
6.094640000000000057e+00 2.163713234522955631e+01
6.194549999999999557e+00 2.153759985103472729e+01
6.294459999999999944e+00 2.143375582587237815e+01
6.394379999999999953e+00 2.132641597663284116e+01
6.494290000000000340e+00 2.121465333069180659e+01
6.594199999999999839e+00 2.110196517578139108e+01
6.694110000000000227e+00 2.098887076618285619e+01
6.794019999999999726e+00 2.087420342854319699e+01
6.893939999999999735e+00 2.076110198281720898e+01
6.993850000000000122e+00 2.064830849910694965e+01
7.093759999999999621e+00 2.053823886689340128e+01
7.193670000000000009e+00 2.042949081312466220e+01
7.293580000000000396e+00 2.032493582999427773e+01
7.393500000000000405e+00 2.023061542730464879e+01
7.493409999999999904e+00 2.013461469521912051e+01
7.593320000000000292e+00 2.004377300319811894e+01
7.693229999999999791e+00 1.995864730519815922e+01
7.793140000000000178e+00 1.987974246070429629e+01
7.893060000000000187e+00 1.980750435292015510e+01
7.992969999999999686e+00 1.974234814238961633e+01
8.092879999999999185e+00 1.968461482927373396e+01
8.192790000000000461e+00 1.963460088995787345e+01
8.292709999999999582e+00 1.958917430198026466e+01
8.392620000000000857e+00 1.955523291336836778e+01
8.492530000000000356e+00 1.952949472337546766e+01
8.592439999999999856e+00 1.951204827776663819e+01
8.692349999999999355e+00 1.950366616476227932e+01
8.792270000000000252e+00 1.950173811397240442e+01
8.892179999999999751e+00 1.950924671869140781e+01
8.992089999999999250e+00 1.952482109796030585e+01
9.092000000000000526e+00 1.954786022523479261e+01
9.191910000000000025e+00 1.957711647270285482e+01
9.291829999999999146e+00 1.961866345245020327e+01
9.391740000000000421e+00 1.966413201126349009e+01
9.491649999999999920e+00 1.971638357013373266e+01
9.591559999999999420e+00 1.977250427184717196e+01
9.691470000000000695e+00 1.983706342833416869e+01
9.791389999999999816e+00 1.990672095671735420e+01
9.891299999999999315e+00 1.998113969761150699e+01
9.991210000000000591e+00 2.006104724534358397e+01
1.009112000000000009e+01 2.015196458804897262e+01
1.019103999999999921e+01 2.023856088514899909e+01
1.029095000000000049e+01 2.032713811432295614e+01
1.039085999999999999e+01 2.041858302200659381e+01
1.049076999999999948e+01 2.051088507047005294e+01
1.059068000000000076e+01 2.060415805679157941e+01
1.069059999999999988e+01 2.069774901546007584e+01
1.079050999999999938e+01 2.079191796981684348e+01
1.089042000000000066e+01 2.088444754831858319e+01
1.099033000000000015e+01 2.097560306899405447e+01
1.109023999999999965e+01 2.106478406255665092e+01
1.119016000000000055e+01 2.115362725147111433e+01
1.129007000000000005e+01 2.123700755632270187e+01
1.138997999999999955e+01 2.131704767112687549e+01
1.148989000000000082e+01 2.139302349051190077e+01
1.158980000000000032e+01 2.146445363888055269e+01
1.168971999999999944e+01 2.153088853689346038e+01
1.178963000000000072e+01 2.159436314306366000e+01
1.188954000000000022e+01 2.163597223465417585e+01
1.198944999999999972e+01 2.168562581252017551e+01
1.208937000000000062e+01 2.172915145235230838e+01
1.218928000000000011e+01 2.176628392835789327e+01
1.228918999999999961e+01 2.179682256542307783e+01
1.238909999999999911e+01 2.182061316780125182e+01
1.248901000000000039e+01 2.183755268674310202e+01
1.258892999999999951e+01 2.184591698343310284e+01
1.268884000000000079e+01 2.184897609112358907e+01
1.278875000000000028e+01 2.184509201838210402e+01
1.288865999999999978e+01 2.183436338884155958e+01
1.298856999999999928e+01 2.181531743056678252e+01
1.308849000000000018e+01 2.178773042739964083e+01
1.318839999999999968e+01 2.175857211246622214e+01
1.328830999999999918e+01 2.172124242185353893e+01
1.338822000000000045e+01 2.167784996394782482e+01
1.348812999999999995e+01 2.162868337109111749e+01
1.358805000000000085e+01 2.157404351715739566e+01
1.368796000000000035e+01 2.151405162297814044e+01
1.378786999999999985e+01 2.145064797001486312e+01
1.388777999999999935e+01 2.138171109989992047e+01
1.398769000000000062e+01 2.130887581163353772e+01
1.408760999999999974e+01 2.123254967743379851e+01
1.418751999999999924e+01 2.115318781404890558e+01
1.428743000000000052e+01 2.107124698437882415e+01
1.438734000000000002e+01 2.098486146051618917e+01
1.448725999999999914e+01 2.089827285052748707e+01
1.458717000000000041e+01 2.081040617480181254e+01
1.468707999999999991e+01 2.072162026399650614e+01
1.478698999999999941e+01 2.063288646699861317e+01
1.488690000000000069e+01 2.054393630578434227e+01
1.498681999999999981e+01 2.045522817825048278e+01
1.508672999999999931e+01 2.036722028978127241e+01
1.518664000000000058e+01 2.028253331101472767e+01
1.528655000000000008e+01 2.019699659538346737e+01
1.538645999999999958e+01 2.011354816642058552e+01
1.548638000000000048e+01 2.003231077737681076e+01
1.558628999999999998e+01 1.995359951296220302e+01
1.568619999999999948e+01 1.987767505389214406e+01
1.578611000000000075e+01 1.980477645685167332e+01
1.588602000000000025e+01 1.973693789435960255e+01
1.598593999999999937e+01 1.967088292965442164e+01
1.608585000000000065e+01 1.960857743589425795e+01
1.618575999999999837e+01 1.954933059236009285e+01
1.628566999999999965e+01 1.949478012879883693e+01
1.638559000000000054e+01 1.943797264617796117e+01
1.648549999999999827e+01 1.939001848265531436e+01
1.658540999999999954e+01 1.934702135326462624e+01
1.668532000000000082e+01 1.930811437845445155e+01
1.678522999999999854e+01 1.927212042847850526e+01
1.688514999999999944e+01 1.924007868482491546e+01
1.698506000000000071e+01 1.921148606952974092e+01
1.708496999999999844e+01 1.918864917797254321e+01
1.718487999999999971e+01 1.916655391495636707e+01
1.728479000000000099e+01 1.914821954824878958e+01
1.738470999999999833e+01 1.913204599546870099e+01
1.748461999999999961e+01 1.911851120666237946e+01
1.758453000000000088e+01 1.910732580522605062e+01
1.768443999999999861e+01 1.909840358573933017e+01
1.778434999999999988e+01 1.908871788095015631e+01
1.788427000000000078e+01 1.908276952274147220e+01
1.798417999999999850e+01 1.907782877022438228e+01
1.808408999999999978e+01 1.908198959324360189e+01
1.818400000000000105e+01 1.907810527856063487e+01
1.828391999999999840e+01 1.907519123452418341e+01
1.838382999999999967e+01 1.907132202699956025e+01
1.848374000000000095e+01 1.906705498476144101e+01
1.858364999999999867e+01 1.906123598745951142e+01
1.868355999999999995e+01 1.905509117711009637e+01
1.878348000000000084e+01 1.904629322673323344e+01
1.888338999999999857e+01 1.903683811419561422e+01
1.898329999999999984e+01 1.902593062592234219e+01
1.908321000000000112e+01 1.901194221221290093e+01
1.918311999999999884e+01 1.899660194452243189e+01
1.928303999999999974e+01 1.897750552947536917e+01
1.938295000000000101e+01 1.895539229780372636e+01
1.948285999999999873e+01 1.893024516210704888e+01
1.958277000000000001e+01 1.890188294174883055e+01
1.968268000000000129e+01 1.887015662331877053e+01
1.978259999999999863e+01 1.883494565941953169e+01
1.988250999999999991e+01 1.879437008751913396e+01
1.998242000000000118e+01 1.875140855407094520e+01
2.008232999999999890e+01 1.870752674270526228e+01
2.018224999999999980e+01 1.865749205159976043e+01
2.028216000000000108e+01 1.860721393765661347e+01
2.038206999999999880e+01 1.855005216709873395e+01
2.048198000000000008e+01 1.848865683367613499e+01
2.058189000000000135e+01 1.842478431336052935e+01
2.068180999999999869e+01 1.835758688170571062e+01
2.078171999999999997e+01 1.828724507717183201e+01
2.088163000000000125e+01 1.821392482233273213e+01
2.098153999999999897e+01 1.813780401141745813e+01
2.108145000000000024e+01 1.806038243188221415e+01
2.118137000000000114e+01 1.797731487385140881e+01
2.128127999999999886e+01 1.789444533421183081e+01
2.138119000000000014e+01 1.780978070010205272e+01
2.148110000000000142e+01 1.772358686398459326e+01
2.158100999999999914e+01 1.763538924229116844e+01
2.168093000000000004e+01 1.754661630945697581e+01
2.178084000000000131e+01 1.745844740461769717e+01
2.188074999999999903e+01 1.736869840258657405e+01
2.198066000000000031e+01 1.727808782338779281e+01
2.208058000000000121e+01 1.718854579311205200e+01
2.218048999999999893e+01 1.709983339818160530e+01
2.228040000000000020e+01 1.701151413581162331e+01
2.238031000000000148e+01 1.691800306780194063e+01
2.248021999999999920e+01 1.683198023314983516e+01
2.258014000000000010e+01 1.674560523935913992e+01
2.268005000000000138e+01 1.666263914193512718e+01
2.277995999999999910e+01 1.658153144432173320e+01
2.287987000000000037e+01 1.650250939676537243e+01
2.297978000000000165e+01 1.642814771303647703e+01
2.307969999999999899e+01 1.635402661007784531e+01
2.317961000000000027e+01 1.628271481367820073e+01
2.327952000000000155e+01 1.621339729831563403e+01
2.337942999999999927e+01 1.614792275573951486e+01
2.347934000000000054e+01 1.608545908759644050e+01
2.357926000000000144e+01 1.602608215308876893e+01
2.367916999999999916e+01 1.596985634114433239e+01
2.377908000000000044e+01 1.591803099999700066e+01
2.387899000000000171e+01 1.586697365679983918e+01
2.397890999999999906e+01 1.582027586458669077e+01
2.407882000000000033e+01 1.577665329456939602e+01
2.417873000000000161e+01 1.573602328833853292e+01
2.427863999999999933e+01 1.569918203955607794e+01
2.437855000000000061e+01 1.566441447352132066e+01
2.447847000000000151e+01 1.563245917261634510e+01
2.457837999999999923e+01 1.560149175668337662e+01
2.467829000000000050e+01 1.557460616874181802e+01
2.477819999999999823e+01 1.554989916729865840e+01
2.487810999999999950e+01 1.552717329420026715e+01
2.497803000000000040e+01 1.550621898957034439e+01
2.507794000000000167e+01 1.549019797043787783e+01
2.517784999999999940e+01 1.546998761006242873e+01
2.527776000000000067e+01 1.545309058427458559e+01
2.537766999999999840e+01 1.543704365342375695e+01
2.547758999999999929e+01 1.542201261544045110e+01
2.557750000000000057e+01 1.540694493160216183e+01
2.567740999999999829e+01 1.539090207835288737e+01
2.577731999999999957e+01 1.537646918824207987e+01
2.587723000000000084e+01 1.536147236177345476e+01
2.597715000000000174e+01 1.534516290384322801e+01
2.607705999999999946e+01 1.532799646897901624e+01
2.617697000000000074e+01 1.530970437898396064e+01
2.627687999999999846e+01 1.529003715720000578e+01
2.637679999999999936e+01 1.527112082930239190e+01
2.647671000000000063e+01 1.524813755240253954e+01
2.657661999999999836e+01 1.522510179159082355e+01
2.667652999999999963e+01 1.519838259727538343e+01
2.677644000000000091e+01 1.516839764433571958e+01
2.687635999999999825e+01 1.513732254865490923e+01
2.697626999999999953e+01 1.510378608702622039e+01
2.707618000000000080e+01 1.506770026902828619e+01
2.717608999999999853e+01 1.502899435417416285e+01
2.727599999999999980e+01 1.498782700544598967e+01
2.737592000000000070e+01 1.494379175742411192e+01
2.747582999999999842e+01 1.489707647701358439e+01
2.757573999999999970e+01 1.484594753883691531e+01
2.767565000000000097e+01 1.479433083165346297e+01
2.777555999999999869e+01 1.473973052677877682e+01
2.787547999999999959e+01 1.468263541234782643e+01
2.797539000000000087e+01 1.462228852326766670e+01
2.807529999999999859e+01 1.456046594122364013e+01
2.817520999999999987e+01 1.449550642429522362e+01
2.827513000000000076e+01 1.442910105861544423e+01
2.837503999999999849e+01 1.436064662549902593e+01
2.847494999999999976e+01 1.429162374956922221e+01
2.857486000000000104e+01 1.421988122142922428e+01
2.867476999999999876e+01 1.414686605324683910e+01
2.877468999999999966e+01 1.407154645522394887e+01
2.887460000000000093e+01 1.399644439865589085e+01
2.897450999999999866e+01 1.392051310529192065e+01
2.907441999999999993e+01 1.384397661315579953e+01
2.917433000000000121e+01 1.376885431782451796e+01
2.927424999999999855e+01 1.369191836204106671e+01
2.937415999999999983e+01 1.361526218997160242e+01
2.947407000000000110e+01 1.353913779636986092e+01
2.957397999999999882e+01 1.346279260768793584e+01
2.967389000000000010e+01 1.338791508965282695e+01
2.977381000000000100e+01 1.331421722205539382e+01
2.987371999999999872e+01 1.324173447794996328e+01
2.997363000000000000e+01 1.318452745990808950e+01
3.007354000000000127e+01 1.310667328664564657e+01
3.017345999999999862e+01 1.303826537440706623e+01
3.027336999999999989e+01 1.297358858577321428e+01
3.037328000000000117e+01 1.290970894304389738e+01
3.047318999999999889e+01 1.284803802871139311e+01
3.057310000000000016e+01 1.278785217328148605e+01
3.067302000000000106e+01 1.273075699184195031e+01
3.077292999999999878e+01 1.267603410162603161e+01
3.087284000000000006e+01 1.262330833240095984e+01
3.097275000000000134e+01 1.257340114954241983e+01
3.107265999999999906e+01 1.252588202449168620e+01
3.117257999999999996e+01 1.248293637027759750e+01
3.127249000000000123e+01 1.243997205585974264e+01
3.137239999999999895e+01 1.240576188466156538e+01
3.147231000000000023e+01 1.236761272528829281e+01
3.157222000000000151e+01 1.232931848697013955e+01
3.167213999999999885e+01 1.229535144894365573e+01
3.177205000000000013e+01 1.226532036694106687e+01
3.187196000000000140e+01 1.223437537339930614e+01
3.197186999999999912e+01 1.220586121296387816e+01
3.207179000000000002e+01 1.218129963206718713e+01
3.217170000000000130e+01 1.211213612376590909e+01
3.227161000000000257e+01 1.208769984195124181e+01
3.237151999999999674e+01 1.206079055193621663e+01
3.247142999999999802e+01 1.203786910431811386e+01
3.257135000000000247e+01 1.201533736455355239e+01
3.267125999999999664e+01 1.199297876694754628e+01
3.277116999999999791e+01 1.197057056202133651e+01
3.287107999999999919e+01 1.194789284980085142e+01
3.297099000000000046e+01 1.192472630891687935e+01
3.307090999999999781e+01 1.189915251212083902e+01
3.317081999999999908e+01 1.187227997948413183e+01
3.327073000000000036e+01 1.184657877521738278e+01
3.337064000000000163e+01 1.181839220939346546e+01
3.347055000000000291e+01 1.178840472609533485e+01
3.357047000000000025e+01 1.175639366966936450e+01
3.367038000000000153e+01 1.172235670743444480e+01
3.377029000000000281e+01 1.168694247928025831e+01
3.387019999999999698e+01 1.164785185716927174e+01
3.397012000000000143e+01 1.160615798587412684e+01
3.407003000000000270e+01 1.156170039104222447e+01
3.416993999999999687e+01 1.151513407845546411e+01
3.426984999999999815e+01 1.146480428542349017e+01
3.436975999999999942e+01 1.141139187607805638e+01
3.446967999999999677e+01 1.135559401281839875e+01
3.456958999999999804e+01 1.129597542365137386e+01
3.466949999999999932e+01 1.123321540127686013e+01
3.476941000000000059e+01 1.116730035857621139e+01
3.486932000000000187e+01 1.109699728487938231e+01
3.496923999999999921e+01 1.102231679902737937e+01
3.506915000000000049e+01 1.094910473497253456e+01
3.516906000000000176e+01 1.087246851516202995e+01
3.526897000000000304e+01 1.079087303297502309e+01
3.536887999999999721e+01 1.070630052672684052e+01
3.546880000000000166e+01 1.061909064717274909e+01
3.556871000000000294e+01 1.052845776489825802e+01
3.566861999999999711e+01 1.043619921221323743e+01
3.576852999999999838e+01 1.034164060262353324e+01
3.586845000000000283e+01 1.024316949494803453e+01
3.596835999999999700e+01 1.014445502015592737e+01
3.606826999999999828e+01 1.004388119891932796e+01
3.616817999999999955e+01 9.942435686192725441e+00
3.626809000000000083e+01 9.838950291769897660e+00
3.636800999999999817e+01 9.734772441433699797e+00
3.646791999999999945e+01 9.629351597538585494e+00
3.656783000000000072e+01 9.524141714386733071e+00
3.666774000000000200e+01 9.417852082802944835e+00
3.676765000000000327e+01 9.310306676913063129e+00
3.686757000000000062e+01 9.204072109397849033e+00
3.696748000000000189e+01 9.098155535922135329e+00
3.706739000000000317e+01 8.991821034197917228e+00
3.716729999999999734e+01 8.883520619511752869e+00
3.726720999999999862e+01 8.779320025227855595e+00
3.736713000000000306e+01 8.682295515813644116e+00
3.746703999999999724e+01 8.580263728399986078e+00
3.756694999999999851e+01 8.479630467632775392e+00
3.766685999999999979e+01 8.381592206603087902e+00
3.776677000000000106e+01 8.284300300168091269e+00
3.786668999999999841e+01 8.188944725973740901e+00
3.796659999999999968e+01 8.095631184022774818e+00
3.806651000000000096e+01 8.004425417862398362e+00
3.816642000000000223e+01 7.906896120187773214e+00
3.826633999999999958e+01 7.819928610647559175e+00
3.836625000000000085e+01 7.735148698366280939e+00
3.846616000000000213e+01 7.652576306018556096e+00
3.856607000000000340e+01 7.572660422486415577e+00
3.866597999999999757e+01 7.493888713890958897e+00
3.876590000000000202e+01 7.416820648428620544e+00
3.886581000000000330e+01 7.342951352752635330e+00
3.896571999999999747e+01 7.270958952169642941e+00
3.906562999999999874e+01 7.200767007657093544e+00
3.916554000000000002e+01 7.132267528300652693e+00
3.926545999999999736e+01 7.065997557172318366e+00
3.936536999999999864e+01 7.000582047828225463e+00
3.946527999999999992e+01 6.936539488314223512e+00
3.956519000000000119e+01 6.872543965794856824e+00
3.966510000000000247e+01 6.810833020147161854e+00
3.976501999999999981e+01 6.749921983457348063e+00
3.986493000000000109e+01 6.691411717930020764e+00
3.996484000000000236e+01 6.631636761522178958e+00
4.006474999999999653e+01 6.572215341733795846e+00
4.016467000000000098e+01 6.514529476478926107e+00
4.026458000000000226e+01 6.455289558335537414e+00
4.036449000000000353e+01 6.395850732246108450e+00
4.046439999999999770e+01 6.335209309855302173e+00
4.056430999999999898e+01 6.274547331248236937e+00
4.066423000000000343e+01 6.212918543111243252e+00
4.076413999999999760e+01 6.151022485133698758e+00
4.086404999999999887e+01 6.087070710180123356e+00
4.096396000000000015e+01 6.021781201020313112e+00
4.106387000000000143e+01 5.954973908628030443e+00
4.116378999999999877e+01 5.884275028695952869e+00
4.126370000000000005e+01 5.813909086103840274e+00
4.136361000000000132e+01 5.741493509324562261e+00
4.146352000000000260e+01 5.666912227697780580e+00
4.156342999999999677e+01 5.590063907097579055e+00
4.166335000000000122e+01 5.511060163736047457e+00
4.176326000000000249e+01 5.430703639578570829e+00
4.186316999999999666e+01 5.346377045622686452e+00
4.196307999999999794e+01 5.274040984149768185e+00
4.206300000000000239e+01 5.185556867394908842e+00
4.216290999999999656e+01 5.094821163806612319e+00
4.226281999999999783e+01 5.000619280693632263e+00
4.236272999999999911e+01 4.905376178406969601e+00
4.246264000000000038e+01 4.807853912205092506e+00
4.256255999999999773e+01 4.706690114637762434e+00
4.266246999999999900e+01 4.604897909347819507e+00
4.276238000000000028e+01 4.501093234310719282e+00
4.286229000000000156e+01 4.395417892181017194e+00
4.296220000000000283e+01 4.288755244553198231e+00
4.306212000000000018e+01 4.178928525025876084e+00
4.316203000000000145e+01 4.068515420911247737e+00
4.326194000000000273e+01 3.957006784576713621e+00
4.336184999999999690e+01 3.844215933026935428e+00
4.346175999999999817e+01 3.730518016985912677e+00
4.356168000000000262e+01 3.618469795377098119e+00
4.366158999999999679e+01 3.503657355730966927e+00
4.376149999999999807e+01 3.389830997060045092e+00
4.386140999999999934e+01 3.274881239132345634e+00
4.396132999999999669e+01 3.159866165213725875e+00
4.406123999999999796e+01 3.045820590964240626e+00
4.416114999999999924e+01 2.931211801073700940e+00
4.426106000000000051e+01 2.818610275787021724e+00
4.436097000000000179e+01 2.710384452805151057e+00
4.446088999999999913e+01 2.600065616128352630e+00
4.456080000000000041e+01 2.490280142589053280e+00
4.466071000000000168e+01 2.383553630044963789e+00
4.476062000000000296e+01 2.277807829539319151e+00
4.486052999999999713e+01 2.173986535466249759e+00
4.496045000000000158e+01 2.072215804137782058e+00
4.506036000000000286e+01 1.972637098841940162e+00
4.516026999999999703e+01 1.873139550200346948e+00
4.526017999999999830e+01 1.778155891736843630e+00
4.536008999999999958e+01 1.685534423820745475e+00
4.546000999999999692e+01 1.595322908101810544e+00
4.555991999999999820e+01 1.507579809611921284e+00
4.565982999999999947e+01 1.422114794619501188e+00
4.575974000000000075e+01 1.339294653346050801e+00
4.585965999999999809e+01 1.258898665272912831e+00
4.595956999999999937e+01 1.180912413681687756e+00
4.605948000000000064e+01 1.105276714726306952e+00
4.615939000000000192e+01 1.032725334472134548e+00
4.625930000000000319e+01 9.616475642116049105e-01
4.635922000000000054e+01 8.864878544729272170e-01
4.645913000000000181e+01 8.195517763834396785e-01
4.655904000000000309e+01 7.525794803933558708e-01
4.665894999999999726e+01 6.888586040528345000e-01
4.675885999999999854e+01 6.260815158279473547e-01
4.685878000000000299e+01 5.660352166793685136e-01
4.695868999999999716e+01 5.057514376586715876e-01
4.705859999999999843e+01 4.488475856943651143e-01
4.715850999999999971e+01 3.902670029735627599e-01
4.725842000000000098e+01 3.317906468972943168e-01
4.735833999999999833e+01 2.741202374402050834e-01
4.745824999999999960e+01 2.165063515478243827e-01
4.755816000000000088e+01 1.587283301313985318e-01
4.765807000000000215e+01 1.005680368149994841e-01
4.775798999999999950e+01 4.179815727771075962e-02
4.785790000000000077e+01 -1.779421751666768192e-02
4.795781000000000205e+01 -7.844284774998852572e-02
4.805772000000000332e+01 -1.403789044151918242e-01
4.815762999999999749e+01 -2.038368170779291111e-01
4.825755000000000194e+01 -2.681625974043261862e-01
4.835746000000000322e+01 -3.351436179983999231e-01
4.845736999999999739e+01 -4.040703472758742087e-01
4.855727999999999867e+01 -4.743138772297919026e-01
4.865718999999999994e+01 -5.499088111940692025e-01
4.875710999999999729e+01 -6.254993562674315832e-01
4.885701999999999856e+01 -7.035972636318851281e-01
4.895692999999999984e+01 -7.850344465333991550e-01
4.905684000000000111e+01 -8.685098694851582923e-01
4.915675000000000239e+01 -9.514179189037202944e-01
4.925666999999999973e+01 -1.042374111490497857e+00
4.935658000000000101e+01 -1.134498075402055495e+00
4.945649000000000228e+01 -1.229164207654470653e+00
4.955639999999999645e+01 -1.327150418756219086e+00
4.965630999999999773e+01 -1.427813168624007423e+00
4.975623000000000218e+01 -1.531487038780914522e+00
4.985614000000000345e+01 -1.637898369337205562e+00
4.995604999999999762e+01 -1.746990703287357505e+00
5.005595999999999890e+01 -1.856198007355465807e+00
5.015588000000000335e+01 -1.961797183160874702e+00
5.025578999999999752e+01 -2.077926843285308856e+00
5.035569999999999879e+01 -2.196011232685751047e+00
5.045561000000000007e+01 -2.315879486059943648e+00
5.055552000000000135e+01 -2.438290204979591813e+00
5.065543999999999869e+01 -2.561453749783719758e+00
5.075534999999999997e+01 -2.686009046577625625e+00
5.085526000000000124e+01 -2.811749641990559656e+00
5.095517000000000252e+01 -2.938459290382300804e+00
5.105507999999999669e+01 -3.065924202436904444e+00
5.115500000000000114e+01 -3.191743018180680735e+00
5.125491000000000241e+01 -3.319840028329978487e+00
5.135481999999999658e+01 -3.448126655048244338e+00
5.145472999999999786e+01 -3.576190356149752780e+00
5.155463999999999913e+01 -3.704389502406408408e+00
5.165455999999999648e+01 -3.831528855629438901e+00
5.175446999999999775e+01 -3.956642887515662288e+00
5.185437999999999903e+01 -4.081865269605380320e+00
5.195429000000000030e+01 -4.205669701688576012e+00
5.205420999999999765e+01 -4.328822173921364147e+00
5.215411999999999892e+01 -4.452707299234077709e+00
5.225403000000000020e+01 -4.571870510692276568e+00
5.235394000000000148e+01 -4.695539428447093933e+00
5.245385000000000275e+01 -4.811169635388281129e+00
5.255377000000000010e+01 -4.924900160828613593e+00
5.265368000000000137e+01 -5.036597689038246450e+00
5.275359000000000265e+01 -5.146610684447509243e+00
5.285349999999999682e+01 -5.254081329525432942e+00
5.295340999999999809e+01 -5.359376854490571773e+00
5.305333000000000254e+01 -5.462481635032249372e+00
5.315323999999999671e+01 -5.563372122524562258e+00
5.325314999999999799e+01 -5.659495792395655478e+00
5.335305999999999926e+01 -5.756975175424910773e+00
5.345297000000000054e+01 -5.850990139012854030e+00
5.355288999999999788e+01 -5.942916732240242084e+00
5.365279999999999916e+01 -6.033039107175665272e+00
5.375271000000000043e+01 -6.119908940313757206e+00
5.385262000000000171e+01 -6.206182404366879624e+00
5.395253999999999905e+01 -6.290731461635870048e+00
5.405245000000000033e+01 -6.373706069631251303e+00
5.415236000000000161e+01 -6.455296356128282120e+00
5.425227000000000288e+01 -6.534813596794363022e+00
5.435217999999999705e+01 -6.614055889112785636e+00
5.445210000000000150e+01 -6.692301517605677930e+00
5.455201000000000278e+01 -6.773030977650058126e+00
5.465191999999999695e+01 -6.850101848164098506e+00
5.475182999999999822e+01 -6.927052569746035893e+00
5.485173999999999950e+01 -7.004079590193966531e+00
5.495165999999999684e+01 -7.081828798647485712e+00
5.505156999999999812e+01 -7.159679846098830680e+00
5.515147999999999939e+01 -7.236045843022616886e+00
5.525139000000000067e+01 -7.315676124496613753e+00
5.535130000000000194e+01 -7.396179403297169941e+00
5.545121999999999929e+01 -7.477967372234434862e+00
5.555113000000000056e+01 -7.561228812164126012e+00
5.565104000000000184e+01 -7.646180537613485484e+00
5.575095000000000312e+01 -7.732142389935805049e+00
5.585087000000000046e+01 -7.819856041883616271e+00
5.595078000000000173e+01 -7.910659312839430690e+00
5.605069000000000301e+01 -8.003654029694803995e+00
5.615059999999999718e+01 -8.141238304059744024e+00
5.625050999999999846e+01 -8.238858137661107861e+00
5.635043000000000291e+01 -8.342265207464212295e+00
5.645033999999999708e+01 -8.444844029380094597e+00
5.655024999999999835e+01 -8.550035332354276818e+00
5.665015999999999963e+01 -8.657862139853282457e+00
5.675007000000000090e+01 -8.769536450834973351e+00
5.684998999999999825e+01 -8.882692686415257555e+00
5.694989999999999952e+01 -8.998566862985258652e+00
5.704981000000000080e+01 -9.117087396282848033e+00
5.714972000000000207e+01 -9.238154101549065800e+00
5.724963000000000335e+01 -9.359292820694896875e+00
5.734955000000000069e+01 -9.484995760900336137e+00
5.744946000000000197e+01 -9.612700649647131002e+00
5.754937000000000324e+01 -9.745473519030838361e+00
5.764927999999999741e+01 -9.876772775981933705e+00
5.774920000000000186e+01 -1.001005830376420747e+01
5.784911000000000314e+01 -1.014491160457083296e+01
5.794901999999999731e+01 -1.027989781731928964e+01
5.804892999999999859e+01 -1.041808834141042261e+01
5.814883999999999986e+01 -1.054665670224627760e+01
5.824875999999999721e+01 -1.068539886798972738e+01
5.834866999999999848e+01 -1.082437555661011430e+01
5.844857999999999976e+01 -1.096335523466326478e+01
5.854849000000000103e+01 -1.110208771191230070e+01
5.864840000000000231e+01 -1.124031800615395760e+01
5.874831999999999965e+01 -1.137901801132693969e+01
5.884823000000000093e+01 -1.151557994354411285e+01
5.894814000000000220e+01 -1.165105932193218052e+01
5.904805000000000348e+01 -1.178520812400651074e+01
5.914795999999999765e+01 -1.191778424049419982e+01
5.924788000000000210e+01 -1.204835877759637697e+01
5.934779000000000337e+01 -1.217703108996998296e+01
5.944769999999999754e+01 -1.230338007210514029e+01
5.954760999999999882e+01 -1.242813716627124698e+01
5.964753000000000327e+01 -1.254951568575182819e+01
5.974743999999999744e+01 -1.266819454917555099e+01
5.984734999999999872e+01 -1.278581872989624379e+01
5.994725999999999999e+01 -1.291265164189095671e+01
6.004717000000000127e+01 -1.302275456551324062e+01
6.014708999999999861e+01 -1.312919031870486641e+01
6.024699999999999989e+01 -1.323323916384322985e+01
6.034691000000000116e+01 -1.333373279857590177e+01
6.044682000000000244e+01 -1.343145922974252748e+01
6.054672999999999661e+01 -1.352520636744697136e+01
6.064665000000000106e+01 -1.361417946465559936e+01
6.074656000000000233e+01 -1.370348639683041903e+01
6.084646999999999650e+01 -1.378847186439529970e+01
6.094637999999999778e+01 -1.387049809774061160e+01
6.104628999999999905e+01 -1.394965645917705288e+01
6.114621000000000350e+01 -1.403168942075099679e+01
6.124611999999999767e+01 -1.410565954563582203e+01
6.134602999999999895e+01 -1.417114075495913816e+01
6.144594000000000023e+01 -1.424076970571981882e+01
6.154585000000000150e+01 -1.430846397384472546e+01
6.164576999999999884e+01 -1.437468837180349190e+01
6.174568000000000012e+01 -1.443847243070324815e+01
6.184559000000000140e+01 -1.449988305923755583e+01
6.194550000000000267e+01 -1.456195556778422784e+01
6.204542000000000002e+01 -1.462058372316882782e+01
6.214533000000000129e+01 -1.468090965681312277e+01
6.224524000000000257e+01 -1.474068135611412877e+01
6.234514999999999674e+01 -1.480017450629278741e+01
6.244505999999999801e+01 -1.485964518753815966e+01
6.254498000000000246e+01 -1.492115470471673611e+01
6.264488999999999663e+01 -1.498283619082014795e+01
6.274479999999999791e+01 -1.504433287354510007e+01
6.284470999999999918e+01 -1.510712173815122483e+01
6.294462000000000046e+01 -1.517143195592017513e+01
6.304453999999999780e+01 -1.523749989098321933e+01
6.314444999999999908e+01 -1.530554248060096967e+01
6.324436000000000035e+01 -1.537511408877700170e+01
6.334427000000000163e+01 -1.544766221891567248e+01
6.344418000000000291e+01 -1.552265131974769474e+01
6.354410000000000025e+01 -1.560027412310816430e+01
6.364401000000000153e+01 -1.568110127044621827e+01
6.374392000000000280e+01 -1.576450019218163412e+01
6.384382999999999697e+01 -1.584968787413202840e+01
6.394375000000000142e+01 -1.593911623744884842e+01
6.404366000000000270e+01 -1.603161623906479960e+01
6.414356999999999687e+01 -1.612803403853427398e+01
6.424348000000000525e+01 -1.622686099367134460e+01
6.434338999999999942e+01 -1.632888742472532684e+01
6.444330999999999676e+01 -1.643484899491825502e+01
6.454322000000000514e+01 -1.654331029190919367e+01
6.464312999999999931e+01 -1.665493497536002110e+01
6.474303999999999348e+01 -1.676962494020308014e+01
6.484295000000000186e+01 -1.688726953276082199e+01
6.494286999999999921e+01 -1.700775774648801431e+01
6.504277999999999338e+01 -1.712845438428972145e+01
6.514269000000000176e+01 -1.725404121373233224e+01
6.524259999999999593e+01 -1.738408714620427276e+01
6.534251000000000431e+01 -1.751278289923050835e+01
6.544243000000000166e+01 -1.764449322886661875e+01
6.554233999999999583e+01 -1.777857712268592749e+01
6.564225000000000421e+01 -1.791302738930330207e+01
6.574215999999999838e+01 -1.804883540713576551e+01
6.584207999999999572e+01 -1.818833913947941738e+01
6.594199000000000410e+01 -1.832583415186540421e+01
6.604189999999999827e+01 -1.846383133300497548e+01
6.614181000000000665e+01 -1.860280413138406175e+01
6.624172000000000082e+01 -1.874111962283939192e+01
6.634163999999999817e+01 -1.887925143935917660e+01
6.644155000000000655e+01 -1.901689775872436527e+01
6.654146000000000072e+01 -1.915281217568803385e+01
6.664136999999999489e+01 -1.928866864575451601e+01
6.674128000000000327e+01 -1.942320769999598440e+01
6.684120000000000061e+01 -1.955749247675708347e+01
6.694110999999999478e+01 -1.968894062761189545e+01
6.704102000000000317e+01 -1.981950526990549832e+01
6.714092999999999734e+01 -1.994741087205725094e+01
6.724084000000000572e+01 -2.007185743076427542e+01
6.734076000000000306e+01 -2.018919156082237620e+01
6.744066999999999723e+01 -2.031021923495661952e+01
6.754058000000000561e+01 -2.042859259928157201e+01
6.764048999999999978e+01 -2.054423916804736905e+01
6.774040999999999713e+01 -2.065711734682348677e+01
6.784032000000000551e+01 -2.076717152404861721e+01
6.794022999999999968e+01 -2.087439985711965917e+01
6.804013999999999385e+01 -2.097880880159282313e+01
6.814005000000000223e+01 -2.108042454785712394e+01
6.823996999999999957e+01 -2.117930278141281875e+01
6.833987999999999374e+01 -2.127210443492820247e+01
6.843979000000000212e+01 -2.136560011397611802e+01
6.853969999999999629e+01 -2.145651200528337910e+01
6.863961000000000467e+01 -2.154496498077205757e+01
6.873953000000000202e+01 -2.163033178154165270e+01
6.883943999999999619e+01 -2.171543359463866096e+01
6.893935000000000457e+01 -2.179739396269230767e+01
6.903925999999999874e+01 -2.187722310665291303e+01
6.913916999999999291e+01 -2.195594896682066377e+01
6.923909000000000447e+01 -2.203300581857074647e+01
6.933899999999999864e+01 -2.210910850832269858e+01
6.943891000000000702e+01 -2.218414002206995406e+01
6.953882000000000119e+01 -2.226082585626464549e+01
6.963873999999999853e+01 -2.233475974752145987e+01
6.973865000000000691e+01 -2.240835972987182956e+01
6.983856000000000108e+01 -2.248206260178116977e+01
6.993846999999999525e+01 -2.255733433674689437e+01
7.003838000000000363e+01 -2.263200405998760445e+01
7.013830000000000098e+01 -2.271529823464139142e+01
7.023820999999999515e+01 -2.279214358555148223e+01
7.033812000000000353e+01 -2.287041241377454526e+01
7.043802999999999770e+01 -2.294956586412456190e+01
7.053794000000000608e+01 -2.303119242482213380e+01
7.063786000000000342e+01 -2.311479760828627050e+01
7.073776999999999759e+01 -2.319971004041089202e+01
7.083768000000000598e+01 -2.328774520755368727e+01
7.093759000000000015e+01 -2.337813783009461943e+01
7.103749999999999432e+01 -2.347105007982845848e+01
7.113742000000000587e+01 -2.356662620226767757e+01
7.123733000000000004e+01 -2.366251231005903222e+01
7.133723999999999421e+01 -2.376357495565831002e+01
7.143715000000000259e+01 -2.386744017261468187e+01
7.153706999999999994e+01 -2.397414640276200259e+01
7.163697999999999411e+01 -2.408367274731056185e+01
7.173689000000000249e+01 -2.419600304177626526e+01
7.183679999999999666e+01 -2.431109487870375929e+01
7.193671000000000504e+01 -2.444275571478989662e+01
7.203663000000000238e+01 -2.456327038673770247e+01
7.213653999999999655e+01 -2.468636818419471268e+01
7.223645000000000493e+01 -2.481193169508906138e+01
7.233635999999999910e+01 -2.493980893238283869e+01
7.243626999999999327e+01 -2.506982526157005609e+01
7.253619000000000483e+01 -2.520346612835425049e+01
7.263609999999999900e+01 -2.533717518794406232e+01
7.273600999999999317e+01 -2.547245225549840697e+01
7.283592000000000155e+01 -2.560903455861015487e+01
7.293582999999999572e+01 -2.574663761036164189e+01
7.303574999999999307e+01 -2.588668280871372573e+01
7.313566000000000145e+01 -2.602247050087169455e+01
7.323556999999999562e+01 -2.616382183382424031e+01
7.333548000000000400e+01 -2.630358806249575210e+01
7.343538999999999817e+01 -2.644325647369652543e+01
7.353530999999999551e+01 -2.658255466821650970e+01
7.363522000000000389e+01 -2.672098679635892182e+01
7.373512999999999806e+01 -2.685867819975819160e+01
7.383504000000000644e+01 -2.699387657341498681e+01
7.393496000000000379e+01 -2.712869693463391485e+01
7.403486999999999796e+01 -2.726166837840540325e+01
7.413478000000000634e+01 -2.739258134473126205e+01
7.423469000000000051e+01 -2.752121641607492109e+01
7.433459999999999468e+01 -2.764735789450344683e+01
7.443452000000000623e+01 -2.776842275945993066e+01
7.453443000000000040e+01 -2.789014565599125461e+01
7.463433999999999457e+01 -2.800631186903150294e+01
7.473425000000000296e+01 -2.812121217424481046e+01
7.483415999999999713e+01 -2.823210433065516867e+01
7.493407999999999447e+01 -2.833963092032587028e+01
7.503399000000000285e+01 -2.844369550753916798e+01
7.513389999999999702e+01 -2.854425920101896708e+01
7.523381000000000540e+01 -2.863884323086182349e+01
7.533371999999999957e+01 -2.873216729663309366e+01
7.543363999999999692e+01 -2.882184621109884048e+01
7.553355000000000530e+01 -2.890789637471542406e+01
7.563345999999999947e+01 -2.899038091801944006e+01
7.573336999999999364e+01 -2.906937343831977216e+01
7.583329000000000519e+01 -2.914676249057042057e+01
7.593319999999999936e+01 -2.921918580662844178e+01
7.603310999999999353e+01 -2.928862811205104677e+01
7.613302000000000191e+01 -2.935605145853694964e+01
7.623292999999999608e+01 -2.942012486367802637e+01
7.633284999999999343e+01 -2.948188281429636248e+01
7.643276000000000181e+01 -2.954655029477832073e+01
7.653266999999999598e+01 -2.960431863891090387e+01
7.663258000000000436e+01 -2.966041668193938818e+01
7.673248999999999853e+01 -2.971467721502699177e+01
7.683240999999999588e+01 -2.976951886390071778e+01
7.693232000000000426e+01 -2.982236556067671174e+01
7.703222999999999843e+01 -2.987228857326833165e+01
7.713214000000000681e+01 -2.992447610402644997e+01
7.723205000000000098e+01 -2.997594533808100792e+01
7.733196999999999832e+01 -3.002840581957124755e+01
7.743188000000000670e+01 -3.008135762874962893e+01
7.753179000000000087e+01 -3.013511528083348878e+01
7.763169999999999504e+01 -3.019017403326227722e+01
7.773162000000000660e+01 -3.024646024229234342e+01
7.783153000000000077e+01 -3.030206289467991709e+01
7.793143999999999494e+01 -3.036185305839934045e+01
7.803135000000000332e+01 -3.042371368786738373e+01
7.813125999999999749e+01 -3.049634045873656873e+01
7.823117999999999483e+01 -3.056226991436250273e+01
7.833109000000000322e+01 -3.063171914670871132e+01
7.843099999999999739e+01 -3.070389236736902205e+01
7.853091000000000577e+01 -3.077972032378991329e+01
7.863081999999999994e+01 -3.085778093858786164e+01
7.873073999999999728e+01 -3.093895093836841070e+01
7.883065000000000566e+01 -3.102454897609844764e+01
7.893055999999999983e+01 -3.111227003264212598e+01
7.903046999999999400e+01 -3.120251346748590038e+01
7.913038000000000238e+01 -3.129661049318658783e+01
7.923029999999999973e+01 -3.139525113671284728e+01
7.933020999999999390e+01 -3.149562048280978033e+01
7.943012000000000228e+01 -3.159906619437780151e+01
7.953002999999999645e+01 -3.170543698325952064e+01
7.962994999999999379e+01 -3.181457805104374970e+01
7.972986000000000217e+01 -3.192628711753294013e+01
7.982976999999999634e+01 -3.203859534319449409e+01
7.992968000000000472e+01 -3.215478714920411818e+01
8.002958999999999889e+01 -3.227234100236637460e+01
8.012950999999999624e+01 -3.238923640760246769e+01
8.022942000000000462e+01 -3.250964009547646327e+01
8.032932999999999879e+01 -3.263417787161625228e+01
8.042923999999999296e+01 -3.275585232211562925e+01
8.052915000000000134e+01 -3.287861487959603579e+01
8.062906999999999869e+01 -3.300053309091266129e+01
8.072898000000000707e+01 -3.312209946412388462e+01
8.082889000000000124e+01 -3.324293457721360312e+01
8.092879999999999541e+01 -3.336264571296275250e+01
8.102871000000000379e+01 -3.348209498184038324e+01
8.112863000000000113e+01 -3.359857072224677665e+01
8.122853999999999530e+01 -3.371521397736054126e+01
8.132845000000000368e+01 -3.382733450432732525e+01
8.142835999999999785e+01 -3.393679381922929394e+01
8.152827999999999520e+01 -3.404400374996738776e+01
8.162819000000000358e+01 -3.414706194214897295e+01
8.172809999999999775e+01 -3.424683566064061324e+01
8.182801000000000613e+01 -3.434156609574679919e+01
8.192792000000000030e+01 -3.443330425494831104e+01
8.202783999999999764e+01 -3.452152995833853311e+01
8.212775000000000603e+01 -3.460365510332862726e+01
8.222766000000000020e+01 -3.468149620132085431e+01
8.232756999999999437e+01 -3.475490786804245857e+01
8.242748000000000275e+01 -3.482968405332864137e+01
8.252740000000000009e+01 -3.489152364192223388e+01
8.262730999999999426e+01 -3.495005906871435286e+01
8.272722000000000264e+01 -3.500347445019921366e+01
8.282712999999999681e+01 -3.505177986752403996e+01
8.292704000000000519e+01 -3.509736407798750690e+01
8.302696000000000254e+01 -3.513564202401212100e+01
8.312686999999999671e+01 -3.516912150896155964e+01
8.322678000000000509e+01 -3.519845217531008785e+01
8.332668999999999926e+01 -3.522276902878182625e+01
8.342660999999999660e+01 -3.524284581182939036e+01
8.352652000000000498e+01 -3.525889707681562868e+01
8.362642999999999915e+01 -3.527118003865096796e+01
8.372633999999999332e+01 -3.527998613617207724e+01
8.382625000000000171e+01 -3.528308000586746118e+01
8.392616999999999905e+01 -3.528545554786023786e+01
8.402607999999999322e+01 -3.528497799546141067e+01
8.412599000000000160e+01 -3.528203334927762569e+01
8.422589999999999577e+01 -3.527613983226652294e+01
8.432581000000000415e+01 -3.526933925245119639e+01
8.442573000000000150e+01 -3.526104096550785272e+01
8.452563999999999567e+01 -3.525085434945538054e+01
8.462555000000000405e+01 -3.524322166216530405e+01
8.472545999999999822e+01 -3.523287710444972021e+01
8.482537000000000660e+01 -3.522264937390303174e+01
8.492529000000000394e+01 -3.521288099543173189e+01
8.502519999999999811e+01 -3.520390455701355137e+01
8.512511000000000649e+01 -3.519943490402634012e+01
8.522502000000000066e+01 -3.519534300413717176e+01
8.532492999999999483e+01 -3.519094413187053050e+01
8.542485000000000639e+01 -3.518914190735335978e+01
8.552476000000000056e+01 -3.518942080354784707e+01
8.562466999999999473e+01 -3.519267772314047704e+01
8.572458000000000311e+01 -3.519654296276079464e+01
8.582450000000000045e+01 -3.520472535053580998e+01
8.592440999999999462e+01 -3.521652774394956964e+01
8.602432000000000301e+01 -3.523130599520063555e+01
8.612422999999999718e+01 -3.524914067457244471e+01
8.622414000000000556e+01 -3.527005697303624032e+01
8.632406000000000290e+01 -3.529402725151412312e+01
8.642396999999999707e+01 -3.532336085426626227e+01
8.652388000000000545e+01 -3.535508874709891813e+01
8.662378999999999962e+01 -3.538791501345438917e+01
8.672369999999999379e+01 -3.542342601090278720e+01
8.682362000000000535e+01 -3.546259994840503538e+01
8.692352999999999952e+01 -3.550279026443175923e+01
8.702343999999999369e+01 -3.554484106355533157e+01
8.712335000000000207e+01 -3.558833052526759388e+01
8.722325999999999624e+01 -3.563299996908519773e+01
8.732317999999999358e+01 -3.567799936627405089e+01
8.742309000000000196e+01 -3.572300122990133531e+01
8.752299999999999613e+01 -3.576671628287862603e+01
8.762291000000000452e+01 -3.581289344376692441e+01
8.772283000000000186e+01 -3.585447280595019492e+01
8.782273999999999603e+01 -3.589366607303845313e+01
8.792265000000000441e+01 -3.592976803644224759e+01
8.802255999999999858e+01 -3.596293504039742572e+01
8.812247000000000696e+01 -3.599160453726364750e+01
8.822239000000000431e+01 -3.601435237371574516e+01
8.832229999999999848e+01 -3.603116389637823147e+01
8.842221000000000686e+01 -3.604245404137576259e+01
8.852212000000000103e+01 -3.604502992375893200e+01
8.862202999999999520e+01 -3.603935237230714250e+01
8.872195000000000675e+01 -3.602456155857728959e+01
8.882186000000000092e+01 -3.600109620583389614e+01
8.892176999999999509e+01 -3.596580739667196269e+01
8.902168000000000347e+01 -3.591909426022925800e+01
8.912158999999999764e+01 -3.586015222248805401e+01
8.922150999999999499e+01 -3.579001598849770716e+01
8.932142000000000337e+01 -3.570447320958053439e+01
8.942132999999999754e+01 -3.560456030463585364e+01
8.952124000000000592e+01 -3.549046887852317411e+01
8.962116000000000327e+01 -3.535972694837131058e+01
8.972106999999999744e+01 -3.521298294220764546e+01
8.982098000000000582e+01 -3.504941106770057502e+01
8.992088999999999999e+01 -3.485459271324218378e+01
9.002079999999999416e+01 -3.465570505326274997e+01
9.012072000000000571e+01 -3.443065970749503180e+01
9.022062999999999988e+01 -3.419451866831428788e+01
9.032053999999999405e+01 -3.394051881861981457e+01
9.042045000000000243e+01 -3.366598247059970106e+01
9.052035999999999660e+01 -3.337270070136671052e+01
9.062027999999999395e+01 -3.305893422514814262e+01
9.072019000000000233e+01 -3.272543962217990554e+01
9.082009999999999650e+01 -3.237214102422012729e+01
9.092001000000000488e+01 -3.199864121687413032e+01
9.101991999999999905e+01 -3.160582190253089507e+01
9.111983999999999639e+01 -3.119338805929287872e+01
9.121975000000000477e+01 -3.075923718049383382e+01
9.131965999999999894e+01 -3.030833082296803482e+01
9.141956999999999312e+01 -2.983235660161139080e+01
9.151949000000000467e+01 -2.934173185314526222e+01
9.161939999999999884e+01 -2.883542447326983194e+01
9.171930999999999301e+01 -2.831154000865198483e+01
9.181922000000000139e+01 -2.776918472838195484e+01
9.191912999999999556e+01 -2.721159744578603323e+01
9.201904999999999291e+01 -2.663811233134084588e+01
9.211896000000000129e+01 -2.604708423410555085e+01
9.221886999999999546e+01 -2.540056901003233847e+01
9.231878000000000384e+01 -2.478055654118116635e+01
9.241868999999999801e+01 -2.415105467384143623e+01
9.251860999999999535e+01 -2.350950607106166856e+01
9.261852000000000373e+01 -2.285697277357336432e+01
9.271842999999999790e+01 -2.219435581902270371e+01
9.281834000000000628e+01 -2.152265097453989640e+01
9.291825000000000045e+01 -2.084288511483532957e+01
9.301816999999999780e+01 -2.015479890781052319e+01
9.311808000000000618e+01 -1.946155899183913363e+01
9.321799000000000035e+01 -1.876183997924351132e+01
9.331789999999999452e+01 -1.805879800923758083e+01
9.341782000000000608e+01 -1.735331744855295710e+01
9.351773000000000025e+01 -1.664576545201620306e+01
9.361763999999999442e+01 -1.593735786541035360e+01
9.371755000000000280e+01 -1.522880206416109061e+01
9.381745999999999697e+01 -1.452008804611547532e+01
9.391737999999999431e+01 -1.381448435909414307e+01
9.401729000000000269e+01 -1.311192124821932481e+01
9.411719999999999686e+01 -1.241252214406178744e+01
9.421711000000000524e+01 -1.171878052061587283e+01
9.431701999999999941e+01 -1.103081555853922602e+01
9.441693999999999676e+01 -1.034873197494874120e+01
9.451685000000000514e+01 -9.674901643783611505e+00
9.461675999999999931e+01 -9.009362692205067802e+00
9.471666999999999348e+01 -8.352941093231587288e+00
9.481658000000000186e+01 -7.706425137646313317e+00
9.491649999999999920e+01 -7.069199158323191234e+00
9.501640999999999337e+01 -6.441991491212240462e+00
9.511632000000000176e+01 -5.826210417519476437e+00
9.521622999999999593e+01 -5.222894843470371917e+00
9.531614999999999327e+01 -4.634024626233770761e+00
9.541606000000000165e+01 -4.058187110947470977e+00
9.551596999999999582e+01 -3.496625127526008292e+00
9.561588000000000420e+01 -2.948114404140277589e+00
9.571578999999999837e+01 -2.413878470890708616e+00
9.581570999999999572e+01 -1.894132581701545082e+00
9.591562000000000410e+01 -1.387342447266364021e+00
9.601552999999999827e+01 -8.971446539451226609e-01
9.611544000000000665e+01 -4.211682317548840482e-01
9.621535000000000082e+01 3.912970516604713511e-02
9.631526999999999816e+01 4.840746946209464330e-01
9.641518000000000654e+01 9.143633622286323481e-01
9.651509000000000071e+01 1.330428958532997585e+00
9.661499999999999488e+01 1.730834065309430292e+00
9.671491000000000327e+01 2.116525408052938761e+00
9.681483000000000061e+01 2.486467185355000886e+00
9.691473999999999478e+01 2.843111270303952498e+00
9.701465000000000316e+01 3.184636193520603342e+00
9.711455999999999733e+01 3.516307379274588474e+00
9.721447000000000571e+01 3.830858446509497028e+00
9.731439000000000306e+01 4.132033538528087746e+00
9.741429999999999723e+01 4.426417596636202489e+00
9.751421000000000561e+01 4.701990743958964103e+00
9.761411999999999978e+01 4.965573308507479133e+00
9.771403999999999712e+01 5.215897764505280421e+00
9.781395000000000550e+01 5.455894964065947761e+00
9.791385999999999967e+01 5.684767961398237368e+00
9.801376999999999384e+01 5.902951258374926624e+00
9.811368000000000222e+01 6.119337596110939970e+00
9.821359999999999957e+01 6.317592172986594257e+00
9.831350999999999374e+01 6.506559090926216982e+00
9.841342000000000212e+01 6.686715968956952416e+00
9.851332999999999629e+01 6.858109627017998200e+00
9.861324000000000467e+01 7.021994557841225948e+00
9.871316000000000201e+01 7.177675353686682413e+00
9.881306999999999618e+01 7.325660971931126753e+00
9.891298000000000457e+01 7.467982073614249039e+00
9.901288999999999874e+01 7.603856801429425438e+00
9.911279999999999291e+01 7.733706018305008811e+00
9.921272000000000446e+01 7.858142218720166383e+00
9.931262999999999863e+01 7.978131957080379699e+00
9.941254000000000701e+01 8.092667039197527501e+00
9.951245000000000118e+01 8.201722063016177344e+00
9.961236999999999853e+01 8.305481457531547207e+00
9.971228000000000691e+01 8.407825735858038385e+00
9.981219000000000108e+01 8.506644722650598567e+00
9.991209999999999525e+01 8.600447835680835595e+00
1.000120100000000036e+02 8.693035216963357570e+00
1.001119300000000010e+02 8.779800403169288003e+00
1.002118399999999951e+02 8.867177373843874832e+00
1.003117500000000035e+02 8.952263493967160812e+00
1.004116599999999977e+02 9.034582594835464775e+00
1.005115700000000061e+02 9.115722901328883410e+00
1.006114900000000034e+02 9.195154962586865821e+00
1.007113999999999976e+02 9.273042391521119754e+00
1.008113100000000060e+02 9.350537388749767587e+00
1.009112200000000001e+02 9.426157335644617774e+00
1.010111299999999943e+02 9.500912030571591060e+00
1.011110500000000059e+02 9.574931920055192336e+00
1.012109600000000000e+02 9.646101650522005855e+00
1.013108699999999942e+02 9.718874356711751261e+00
1.014107800000000026e+02 9.791135535332422535e+00
1.015106999999999999e+02 9.862980716742166365e+00
1.016106099999999941e+02 9.934276139419329965e+00
1.017105200000000025e+02 1.000546489091392033e+01
1.018104299999999967e+02 1.007805583816562134e+01
1.019103400000000050e+02 1.016289319700120508e+01
1.020102600000000024e+02 1.023399945926370158e+01
1.021101699999999965e+02 1.030525665428380222e+01
1.022100800000000049e+02 1.037670495338857890e+01
1.023099899999999991e+02 1.044967160065555234e+01
1.024098999999999933e+02 1.052186198425798125e+01
1.025098200000000048e+02 1.059199666283149632e+01
1.026097299999999990e+02 1.066253690589348757e+01
1.027096399999999932e+02 1.073573509603467357e+01
1.028095500000000015e+02 1.080916478124346902e+01
1.029094599999999957e+02 1.088287219271178152e+01
1.030093799999999931e+02 1.095678449769298091e+01
1.031092900000000014e+02 1.103116792446216010e+01
1.032091999999999956e+02 1.110568862166915061e+01
1.033091100000000040e+02 1.118074954546796995e+01
1.034090300000000013e+02 1.125616922419398946e+01
1.035089399999999955e+02 1.132958527920393443e+01
1.036088500000000039e+02 1.140561150124769618e+01
1.037087599999999981e+02 1.148183815071726599e+01
1.038086700000000064e+02 1.155949176197077932e+01
1.039085900000000038e+02 1.163623287819240204e+01
1.040084999999999980e+02 1.171364323694737131e+01
1.041084100000000063e+02 1.179214209393591695e+01
1.042083200000000005e+02 1.186975869654778570e+01
1.043082299999999947e+02 1.194438184686601545e+01
1.044081500000000062e+02 1.202267001367572696e+01
1.045080600000000004e+02 1.210028408838770986e+01
1.046079699999999946e+02 1.217877973591378193e+01
1.047078800000000030e+02 1.225796234236716487e+01
1.048077899999999971e+02 1.233644534898309963e+01
1.049077099999999945e+02 1.241493483892026006e+01
1.050076200000000028e+02 1.249336867975090293e+01
1.051075299999999970e+02 1.257170600176050357e+01
1.052074400000000054e+02 1.264766477349868445e+01
1.053073600000000027e+02 1.272554416913309083e+01
1.054072699999999969e+02 1.280306476654278924e+01
1.055071800000000053e+02 1.288017160204792688e+01
1.056070899999999995e+02 1.295699622926718497e+01
1.057069999999999936e+02 1.303310034375654247e+01
1.058069200000000052e+02 1.310863828525978647e+01
1.059068299999999994e+02 1.318352181880959861e+01
1.060067399999999935e+02 1.325768615385439730e+01
1.061066500000000019e+02 1.333185167847194919e+01
1.062065599999999961e+02 1.340441172485345867e+01
1.063064799999999934e+02 1.347613412188567494e+01
1.064063900000000018e+02 1.354068686550962042e+01
1.065062999999999960e+02 1.361219019912776673e+01
1.066062100000000044e+02 1.368085609856754914e+01
1.067061199999999985e+02 1.374848062988967889e+01
1.068060399999999959e+02 1.381473224632898322e+01
1.069059500000000043e+02 1.387898409361810970e+01
1.070058599999999984e+02 1.394319342231373327e+01
1.071057700000000068e+02 1.400858436760769088e+01
1.072056900000000041e+02 1.407055490503118378e+01
1.073055999999999983e+02 1.413001887027590087e+01
1.074055100000000067e+02 1.418937227494895659e+01
1.075054200000000009e+02 1.424750467519412744e+01
1.076053299999999950e+02 1.430445689085260419e+01
1.077052500000000066e+02 1.436027629731536948e+01
1.078051600000000008e+02 1.441499459460412780e+01
1.079050699999999949e+02 1.446866131939365374e+01
1.080049800000000033e+02 1.452132139037395753e+01
1.081048899999999975e+02 1.457302075092155214e+01
1.082048099999999948e+02 1.462381140809626956e+01
1.083047200000000032e+02 1.467471359090492555e+01
1.084046299999999974e+02 1.472419709386606890e+01
1.085045400000000058e+02 1.477403467314030827e+01
1.086044499999999999e+02 1.482282790137875850e+01
1.087043699999999973e+02 1.487267948651067506e+01
1.088042800000000057e+02 1.492024630551734177e+01
1.089041899999999998e+02 1.496903165081912768e+01
1.090040999999999940e+02 1.501722229284607302e+01
1.091040100000000024e+02 1.506296314699544325e+01
1.092039299999999997e+02 1.511418316109688931e+01
1.093038399999999939e+02 1.516420965673773225e+01
1.094037500000000023e+02 1.521459996863107733e+01
1.095036599999999964e+02 1.526631231689881218e+01
1.096035799999999938e+02 1.531887880817419401e+01
1.097034900000000022e+02 1.537281333613570844e+01
1.098033999999999963e+02 1.542804886147651189e+01
1.099033100000000047e+02 1.548472614200968600e+01
1.100032199999999989e+02 1.554297664746603758e+01
1.101031399999999962e+02 1.559703602111503784e+01
1.102030500000000046e+02 1.565899268977823056e+01
1.103029599999999988e+02 1.572297201008422185e+01
1.104028699999999930e+02 1.578908437949340993e+01
1.105027800000000013e+02 1.585654791731256630e+01
1.106026999999999987e+02 1.592705290575660726e+01
1.107026100000000071e+02 1.599972984503147977e+01
1.108025200000000012e+02 1.607464716952799222e+01
1.109024299999999954e+02 1.615183666951324781e+01
1.110023400000000038e+02 1.623130044102581593e+01
1.111022600000000011e+02 1.631301917506275245e+01
1.112021699999999953e+02 1.639893250679304515e+01
1.113020800000000037e+02 1.648498580100446631e+01
1.114019899999999978e+02 1.657305588463337997e+01
1.115019099999999952e+02 1.666425139754693419e+01
1.116018200000000036e+02 1.675681773356278725e+01
1.117017299999999977e+02 1.685049564197029071e+01
1.118016400000000061e+02 1.694702756975936708e+01
1.119015500000000003e+02 1.704388679934427842e+01
1.120014699999999976e+02 1.714118755620750179e+01
1.121013800000000060e+02 1.724181187566544438e+01
1.122012900000000002e+02 1.734150912926335053e+01
1.123011999999999944e+02 1.744153042726856029e+01
1.124011100000000027e+02 1.753529487247253371e+01
1.125010300000000001e+02 1.763489706570055660e+01
1.126009399999999943e+02 1.773373540099834500e+01
1.127008500000000026e+02 1.783186985633967581e+01
1.128007599999999968e+02 1.792812433463043931e+01
1.129006700000000052e+02 1.802252309879822434e+01
1.130005900000000025e+02 1.811464947036914097e+01
1.131004999999999967e+02 1.820404072266448736e+01
1.132004100000000051e+02 1.828844853926536373e+01
1.133003199999999993e+02 1.837163090481945460e+01
1.134002399999999966e+02 1.845127941229112167e+01
1.135001500000000050e+02 1.852527122052194386e+01
1.136000599999999991e+02 1.859458545672904961e+01
1.136999699999999933e+02 1.865837814757419721e+01
1.137998800000000017e+02 1.871766155248434771e+01
1.138997999999999990e+02 1.876969649364115256e+01
1.139997099999999932e+02 1.881526938703552787e+01
1.140996200000000016e+02 1.885397161748390360e+01
1.141995299999999958e+02 1.888540758851133816e+01
1.142994400000000041e+02 1.891014582418932832e+01
1.143993600000000015e+02 1.892624552289504791e+01
1.144992699999999957e+02 1.893347187904300810e+01
1.145991800000000040e+02 1.893056919136878946e+01
1.146990899999999982e+02 1.892128147142058125e+01
1.147990000000000066e+02 1.890291944667245616e+01
1.148989200000000039e+02 1.887573196684786225e+01
1.149988299999999981e+02 1.883880726204235501e+01
1.150987400000000065e+02 1.879246892752249565e+01
1.151986500000000007e+02 1.873908444022476161e+01
1.152985699999999980e+02 1.867392205580012643e+01
1.153984800000000064e+02 1.859944793370754468e+01
1.154983900000000006e+02 1.851572806325276588e+01
1.155982999999999947e+02 1.842287780637533245e+01
1.156982100000000031e+02 1.832105584382182428e+01
1.157981300000000005e+02 1.821069026774416244e+01
1.158980399999999946e+02 1.809001518029489119e+01
1.159979500000000030e+02 1.796288598220928989e+01
1.160978599999999972e+02 1.782665136025618580e+01
1.161977700000000056e+02 1.772768572125856323e+01
1.162976900000000029e+02 1.758143495476051399e+01
1.163975999999999971e+02 1.742528509029922290e+01
1.164975100000000054e+02 1.726319020160039486e+01
1.165974199999999996e+02 1.709574564648835349e+01
1.166973299999999938e+02 1.692358342763909107e+01
1.167972500000000053e+02 1.674611624981113778e+01
1.168971599999999995e+02 1.656637413736254061e+01
1.169970699999999937e+02 1.638383502940974168e+01
1.170969800000000021e+02 1.619926547033246322e+01
1.171968999999999994e+02 1.601343931182667291e+01
1.172968099999999936e+02 1.582482226536618697e+01
1.173967200000000020e+02 1.563885811438139051e+01
1.174966299999999961e+02 1.545406238886826245e+01
1.175965400000000045e+02 1.526780183255871925e+01
1.176964600000000019e+02 1.508752673644845110e+01
1.177963699999999960e+02 1.491074830232129322e+01
1.178962800000000044e+02 1.473835705126731987e+01
1.179961899999999986e+02 1.456907184813996814e+01
1.180961000000000070e+02 1.440006521788080107e+01
1.181960200000000043e+02 1.424481787863063609e+01
1.182959299999999985e+02 1.409739841409827221e+01
1.183958400000000069e+02 1.395818581696198635e+01
1.184957500000000010e+02 1.382795673256070579e+01
1.185956599999999952e+02 1.370745187484525296e+01
1.186955800000000067e+02 1.359736555346862730e+01
1.187954900000000009e+02 1.349713609113970136e+01
1.188953999999999951e+02 1.340966577508899960e+01
1.189953100000000035e+02 1.333429820520728448e+01
1.190952300000000008e+02 1.327155732394515297e+01
1.191951399999999950e+02 1.322193866378199445e+01
1.192950500000000034e+02 1.318564505354687277e+01
1.193949599999999975e+02 1.316343500139894473e+01
1.194948700000000059e+02 1.315455432151064663e+01
1.195947900000000033e+02 1.316085535327685463e+01
1.196946999999999974e+02 1.318159567222066109e+01
1.197946100000000058e+02 1.321689658429784586e+01
1.198945200000000000e+02 1.325475775368733800e+01
