0.00000000E+00	3.34451630E+02
9.99100000E-02	3.34446330E+02
1.99830000E-01	3.34438880E+02
2.99740000E-01	3.34429380E+02
3.99650000E-01	3.34417980E+02
4.99560000E-01	3.34404880E+02
5.99470000E-01	3.34390320E+02
6.99390000E-01	3.34374560E+02
7.99300000E-01	3.34357860E+02
8.99210000E-01	3.34340490E+02
9.99120000E-01	3.34322680E+02
1.09903000E+00	3.34304650E+02
1.19895000E+00	3.34286560E+02
1.29886000E+00	3.34268530E+02
1.39877000E+00	3.34250660E+02
1.49868000E+00	3.34233020E+02
1.59859000E+00	3.34215630E+02
1.69851000E+00	3.34198540E+02
1.79842000E+00	3.34181750E+02
1.89833000E+00	3.34165280E+02
1.99824000E+00	3.34149140E+02
2.09815000E+00	3.34133360E+02
2.19807000E+00	3.34117970E+02
2.29798000E+00	3.34103000E+02
2.39789000E+00	3.34088490E+02
2.49780000E+00	3.34074460E+02
2.59772000E+00	3.34060930E+02
2.69763000E+00	3.34047890E+02
2.79754000E+00	3.34035290E+02
2.89745000E+00	3.34023060E+02
2.99736000E+00	3.34011070E+02
3.09728000E+00	3.33999160E+02
3.19719000E+00	3.33987090E+02
3.29710000E+00	3.33974610E+02
3.39701000E+00	3.33961450E+02
3.49692000E+00	3.33947310E+02
3.59684000E+00	3.33931930E+02
3.69675000E+00	3.33915080E+02
3.79666000E+00	3.33896560E+02
3.89657000E+00	3.33876270E+02
3.99648000E+00	3.33854170E+02
4.09640000E+00	3.33830340E+02
4.19631000E+00	3.33804940E+02
4.29622000E+00	3.33778250E+02
4.39613000E+00	3.33750610E+02
4.49605000E+00	3.33722400E+02
4.59596000E+00	3.33694020E+02
4.69587000E+00	3.33665880E+02
4.79578000E+00	3.33638340E+02
4.89569000E+00	3.33611720E+02
4.99561000E+00	3.33586270E+02
5.09552000E+00	3.33562140E+02
5.19543000E+00	3.33539350E+02
5.29534000E+00	3.33517850E+02
5.39525000E+00	3.33497510E+02
5.49517000E+00	3.33478140E+02
5.59508000E+00	3.33459530E+02
5.69499000E+00	3.33441480E+02
5.79490000E+00	3.33423770E+02
5.89481000E+00	3.33406270E+02
5.99473000E+00	3.33388890E+02
6.09464000E+00	3.33371630E+02
6.19455000E+00	3.33354580E+02
6.29446000E+00	3.33337930E+02
6.39438000E+00	3.33321920E+02
6.49429000E+00	3.33306860E+02
6.59420000E+00	3.33293040E+02
6.69411000E+00	3.33280780E+02
6.79402000E+00	3.33270370E+02
6.89394000E+00	3.33262030E+02
6.99385000E+00	3.33255950E+02
7.09376000E+00	3.33252210E+02
7.19367000E+00	3.33250780E+02
7.29358000E+00	3.33251570E+02
7.39350000E+00	3.33254390E+02
7.49341000E+00	3.33259000E+02
7.59332000E+00	3.33265130E+02
7.69323000E+00	3.33272460E+02
7.79314000E+00	3.33280700E+02
7.89306000E+00	3.33289530E+02
7.99297000E+00	3.33298700E+02
8.09288000E+00	3.33307980E+02
8.19279000E+00	3.33317190E+02
8.29271000E+00	3.33326230E+02
8.39262000E+00	3.33335020E+02
8.49253000E+00	3.33343570E+02
8.59244000E+00	3.33351920E+02
8.69235000E+00	3.33360150E+02
8.79227000E+00	3.33368390E+02
8.89218000E+00	3.33376830E+02
8.99209000E+00	3.33385650E+02
9.09200000E+00	3.33395120E+02
9.19191000E+00	3.33405490E+02
9.29183000E+00	3.33417070E+02
9.39174000E+00	3.33430130E+02
9.49165000E+00	3.33444940E+02
9.59156000E+00	3.33461750E+02
9.69147000E+00	3.33480740E+02
9.79139000E+00	3.33502040E+02
9.89130000E+00	3.33525680E+02
9.99121000E+00	3.33551610E+02
1.00911200E+01	3.33579650E+02
1.01910400E+01	3.33609520E+02
1.02909500E+01	3.33640840E+02
1.03908600E+01	3.33673130E+02
1.04907700E+01	3.33705880E+02
1.05906800E+01	3.33738560E+02
1.06906000E+01	3.33770640E+02
1.07905100E+01	3.33801630E+02
1.08904200E+01	3.33831090E+02
1.09903300E+01	3.33858680E+02
1.10902400E+01	3.33884150E+02
1.11901600E+01	3.33907420E+02
1.12900700E+01	3.33928460E+02
1.13899800E+01	3.33947390E+02
1.14898900E+01	3.33964360E+02
1.15898000E+01	3.33979570E+02
1.16897200E+01	3.33993240E+02
1.17896300E+01	3.34005600E+02
1.18895400E+01	3.34016810E+02
1.19894500E+01	3.34027000E+02
1.20893700E+01	3.34036230E+02
1.21892800E+01	3.34044460E+02
1.22891900E+01	3.34051550E+02
1.23891000E+01	3.34057330E+02
1.24890100E+01	3.34061580E+02
1.25889300E+01	3.34064030E+02
1.26888400E+01	3.34064450E+02
1.27887500E+01	3.34062590E+02
1.28886600E+01	3.34058260E+02
1.29885700E+01	3.34051330E+02
1.30884900E+01	3.34041730E+02
1.31884000E+01	3.34029500E+02
1.32883100E+01	3.34014730E+02
1.33882200E+01	3.33997590E+02
1.34881300E+01	3.33978310E+02
1.35880500E+01	3.33957130E+02
1.36879600E+01	3.33934330E+02
1.37878700E+01	3.33910170E+02
1.38877800E+01	3.33884900E+02
1.39876900E+01	3.33858750E+02
1.40876100E+01	3.33831890E+02
1.41875200E+01	3.33804430E+02
1.42874300E+01	3.33776430E+02
1.43873400E+01	3.33747910E+02
1.44872600E+01	3.33718820E+02
1.45871700E+01	3.33689080E+02
1.46870800E+01	3.33658600E+02
1.47869900E+01	3.33627220E+02
1.48869000E+01	3.33594800E+02
1.49868200E+01	3.33561150E+02
1.50867300E+01	3.33526110E+02
1.51866400E+01	3.33489470E+02
1.52865500E+01	3.33451070E+02
1.53864600E+01	3.33410750E+02
1.54863800E+01	3.33368380E+02
1.55862900E+01	3.33323870E+02
1.56862000E+01	3.33277180E+02
1.57861100E+01	3.33228320E+02
1.58860200E+01	3.33177410E+02
1.59859400E+01	3.33124620E+02
1.60858500E+01	3.33070220E+02
1.61857600E+01	3.33014580E+02
1.62856700E+01	3.32958140E+02
1.63855900E+01	3.32901410E+02
1.64855000E+01	3.32844880E+02
1.65854100E+01	3.32789060E+02
1.66853200E+01	3.32734410E+02
1.67852300E+01	3.32681330E+02
1.68851500E+01	3.32630100E+02
1.69850600E+01	3.32580880E+02
1.70849700E+01	3.32533690E+02
1.71848800E+01	3.32488360E+02
1.72847900E+01	3.32444590E+02
1.73847100E+01	3.32401950E+02
1.74846200E+01	3.32359960E+02
1.75845300E+01	3.32318090E+02
1.76844400E+01	3.32275810E+02
1.77843500E+01	3.32232650E+02
1.78842700E+01	3.32188190E+02
1.79841800E+01	3.32142160E+02
1.80840900E+01	3.32094440E+02
1.81840000E+01	3.32045050E+02
1.82839200E+01	3.31994220E+02
1.83838300E+01	3.31942260E+02
1.84837400E+01	3.31889590E+02
1.85836500E+01	3.31836660E+02
1.86835600E+01	3.31783940E+02
1.87834800E+01	3.31731870E+02
1.88833900E+01	3.31680830E+02
1.89833000E+01	3.31631080E+02
1.90832100E+01	3.31582760E+02
1.91831200E+01	3.31535840E+02
1.92830400E+01	3.31490170E+02
1.93829500E+01	3.31445460E+02
1.94828600E+01	3.31401350E+02
1.95827700E+01	3.31357460E+02
1.96826800E+01	3.31313370E+02
1.97826000E+01	3.31268690E+02
1.98825100E+01	3.31223100E+02
1.99824200E+01	3.31176370E+02
2.00823300E+01	3.31128380E+02
2.01822500E+01	3.31079160E+02
2.02821600E+01	3.31028880E+02
2.03820700E+01	3.30977790E+02
2.04819800E+01	3.30926220E+02
2.05818900E+01	3.30874540E+02
2.06818100E+01	3.30823110E+02
2.07817200E+01	3.30772290E+02
2.08816300E+01	3.30722360E+02
2.09815400E+01	3.30673530E+02
2.10814500E+01	3.30625890E+02
2.11813700E+01	3.30579390E+02
2.12812800E+01	3.30533860E+02
2.13811900E+01	3.30489040E+02
2.14811000E+01	3.30444600E+02
2.15810100E+01	3.30400160E+02
2.16809300E+01	3.30355330E+02
2.17808400E+01	3.30309740E+02
2.18807500E+01	3.30263060E+02
2.19806600E+01	3.30215030E+02
2.20805800E+01	3.30165490E+02
2.21804900E+01	3.30114370E+02
2.22804000E+01	3.30061740E+02
2.23803100E+01	3.30007740E+02
2.24802200E+01	3.29952580E+02
2.25801400E+01	3.29896520E+02
2.26800500E+01	3.29839850E+02
2.27799600E+01	3.29782900E+02
2.28798700E+01	3.29725940E+02
2.29797800E+01	3.29669260E+02
2.30797000E+01	3.29613080E+02
2.31796100E+01	3.29557580E+02
2.32795200E+01	3.29502860E+02
2.33794300E+01	3.29448980E+02
2.34793400E+01	3.29395960E+02
2.35792600E+01	3.29343760E+02
2.36791700E+01	3.29292330E+02
2.37790800E+01	3.29241590E+02
2.38789900E+01	3.29191420E+02
2.39789100E+01	3.29141700E+02
2.40788200E+01	3.29092310E+02
2.41787300E+01	3.29043130E+02
2.42786400E+01	3.28994030E+02
2.43785500E+01	3.28944880E+02
2.44784700E+01	3.28895580E+02
2.45783800E+01	3.28846020E+02
2.46782900E+01	3.28796110E+02
2.47782000E+01	3.28745780E+02
2.48781100E+01	3.28694960E+02
2.49780300E+01	3.28643610E+02
2.50779400E+01	3.28591710E+02
2.51778500E+01	3.28539270E+02
2.52777600E+01	3.28486310E+02
2.53776700E+01	3.28432870E+02
2.54775900E+01	3.28379030E+02
2.55775000E+01	3.28324860E+02
2.56774100E+01	3.28270460E+02
2.57773200E+01	3.28215940E+02
2.58772300E+01	3.28161430E+02
2.59771500E+01	3.28107060E+02
2.60770600E+01	3.28052960E+02
2.61769700E+01	3.27999300E+02
2.62768800E+01	3.27946220E+02
2.63768000E+01	3.27893850E+02
2.64767100E+01	3.27842350E+02
2.65766200E+01	3.27791840E+02
2.66765300E+01	3.27742410E+02
2.67764400E+01	3.27694150E+02
2.68763600E+01	3.27647100E+02
2.69762700E+01	3.27601270E+02
2.70761800E+01	3.27556620E+02
2.71760900E+01	3.27513100E+02
2.72760000E+01	3.27470570E+02
2.73759200E+01	3.27428880E+02
2.74758300E+01	3.27387880E+02
2.75757400E+01	3.27347360E+02
2.76756500E+01	3.27307130E+02
2.77755600E+01	3.27266990E+02
2.78754800E+01	3.27226770E+02
2.79753900E+01	3.27186280E+02
2.80753000E+01	3.27145390E+02
2.81752100E+01	3.27103970E+02
2.82751300E+01	3.27061960E+02
2.83750400E+01	3.27019300E+02
2.84749500E+01	3.26975960E+02
2.85748600E+01	3.26931960E+02
2.86747700E+01	3.26887320E+02
2.87746900E+01	3.26842090E+02
2.88746000E+01	3.26796350E+02
2.89745100E+01	3.26750190E+02
2.90744200E+01	3.26703720E+02
2.91743300E+01	3.26657060E+02
2.92742500E+01	3.26610350E+02
2.93741600E+01	3.26563710E+02
2.94740700E+01	3.26517270E+02
2.95739800E+01	3.26471130E+02
2.96738900E+01	3.26425390E+02
2.97738100E+01	3.26380080E+02
2.98737200E+01	3.26335230E+02
2.99736300E+01	3.26290790E+02
3.00735400E+01	3.26246680E+02
3.01734600E+01	3.26202750E+02
3.02733700E+01	3.26158790E+02
3.03732800E+01	3.26114590E+02
3.04731900E+01	3.26069890E+02
3.05731000E+01	3.26024470E+02
3.06730200E+01	3.25978110E+02
3.07729300E+01	3.25930640E+02
3.08728400E+01	3.25881950E+02
3.09727500E+01	3.25832000E+02
3.10726600E+01	3.25780870E+02
3.11725800E+01	3.25728720E+02
3.12724900E+01	3.25675800E+02
3.13724000E+01	3.25622460E+02
3.14723100E+01	3.25569040E+02
3.15722200E+01	3.25515910E+02
3.16721400E+01	3.25463430E+02
3.17720500E+01	3.25411890E+02
3.18719600E+01	3.25361520E+02
3.19718700E+01	3.25312440E+02
3.20717900E+01	3.25264620E+02
3.21717000E+01	3.25217890E+02
3.22716100E+01	3.25171970E+02
3.23715200E+01	3.25126450E+02
3.24714300E+01	3.25080860E+02
3.25713500E+01	3.25034690E+02
3.26712600E+01	3.24987450E+02
3.27711700E+01	3.24938670E+02
3.28710800E+01	3.24887950E+02
3.29709900E+01	3.24835020E+02
3.30709100E+01	3.24779730E+02
3.31708200E+01	3.24722080E+02
3.32707300E+01	3.24662260E+02
3.33706400E+01	3.24600550E+02
3.34705500E+01	3.24537320E+02
3.35704700E+01	3.24473020E+02
3.36703800E+01	3.24408120E+02
3.37702900E+01	3.24343070E+02
3.38702000E+01	3.24278320E+02
3.39701200E+01	3.24214200E+02
3.40700300E+01	3.24150990E+02
3.41699400E+01	3.24088830E+02
3.42698500E+01	3.24027730E+02
3.43697600E+01	3.23967610E+02
3.44696800E+01	3.23908300E+02
3.45695900E+01	3.23849570E+02
3.46695000E+01	3.23791100E+02
3.47694100E+01	3.23732590E+02
3.48693200E+01	3.23673660E+02
3.49692400E+01	3.23613980E+02
3.50691500E+01	3.23553190E+02
3.51690600E+01	3.23491010E+02
3.52689700E+01	3.23427140E+02
3.53688800E+01	3.23361370E+02
3.54688000E+01	3.23293510E+02
3.55687100E+01	3.23223440E+02
3.56686200E+01	3.23151080E+02
3.57685300E+01	3.23076440E+02
3.58684500E+01	3.22999560E+02
3.59683600E+01	3.22920600E+02
3.60682700E+01	3.22839770E+02
3.61681800E+01	3.22757350E+02
3.62680900E+01	3.22673720E+02
3.63680100E+01	3.22589260E+02
3.64679200E+01	3.22504410E+02
3.65678300E+01	3.22419590E+02
3.66677400E+01	3.22335190E+02
3.67676500E+01	3.22251570E+02
3.68675700E+01	3.22169000E+02
3.69674800E+01	3.22087680E+02
3.70673900E+01	3.22007660E+02
3.71673000E+01	3.21928890E+02
3.72672100E+01	3.21851200E+02
3.73671300E+01	3.21774320E+02
3.74670400E+01	3.21697900E+02
3.75669500E+01	3.21621560E+02
3.76668600E+01	3.21544940E+02
3.77667700E+01	3.21467640E+02
3.78666900E+01	3.21389350E+02
3.79666000E+01	3.21309810E+02
3.80665100E+01	3.21228860E+02
3.81664200E+01	3.21146460E+02
3.82663400E+01	3.21062680E+02
3.83662500E+01	3.20977690E+02
3.84661600E+01	3.20891710E+02
3.85660700E+01	3.20805020E+02
3.86659800E+01	3.20717920E+02
3.87659000E+01	3.20630710E+02
3.88658100E+01	3.20543670E+02
3.89657200E+01	3.20457030E+02
3.90656300E+01	3.20370970E+02
3.91655400E+01	3.20285580E+02
3.92654600E+01	3.20200870E+02
3.93653700E+01	3.20116770E+02
3.94652800E+01	3.20033170E+02
3.95651900E+01	3.19949910E+02
3.96651000E+01	3.19866800E+02
3.97650200E+01	3.19783640E+02
3.98649300E+01	3.19700220E+02
3.99648400E+01	3.19616340E+02
4.00647500E+01	3.19531840E+02
4.01646700E+01	3.19446560E+02
4.02645800E+01	3.19360400E+02
4.03644900E+01	3.19273310E+02
4.04644000E+01	3.19185240E+02
4.05643100E+01	3.19096210E+02
4.06642300E+01	3.19006240E+02
4.07641400E+01	3.18915420E+02
4.08640500E+01	3.18823830E+02
4.09639600E+01	3.18731610E+02
4.10638700E+01	3.18638910E+02
4.11637900E+01	3.18545930E+02
4.12637000E+01	3.18452860E+02
4.13636100E+01	3.18359920E+02
4.14635200E+01	3.18267340E+02
4.15634300E+01	3.18175310E+02
4.16633500E+01	3.18084030E+02
4.17632600E+01	3.17993660E+02
4.18631700E+01	3.17904350E+02
4.19630800E+01	3.17816160E+02
4.20630000E+01	3.17729130E+02
4.21629100E+01	3.17643240E+02
4.22628200E+01	3.17558380E+02
4.23627300E+01	3.17474440E+02
4.24626400E+01	3.17391230E+02
4.25625600E+01	3.17308570E+02
4.26624700E+01	3.17226240E+02
4.27623800E+01	3.17144030E+02
4.28622900E+01	3.17061730E+02
4.29622000E+01	3.16979160E+02
4.30621200E+01	3.16896160E+02
4.31620300E+01	3.16812610E+02
4.32619400E+01	3.16728430E+02
4.33618500E+01	3.16643560E+02
4.34617600E+01	3.16558000E+02
4.35616800E+01	3.16471760E+02
4.36615900E+01	3.16384870E+02
4.37615000E+01	3.16297370E+02
4.38614100E+01	3.16209330E+02
4.39613300E+01	3.16120820E+02
4.40612400E+01	3.16031930E+02
4.41611500E+01	3.15942710E+02
4.42610600E+01	3.15853260E+02
4.43609700E+01	3.15763650E+02
4.44608900E+01	3.15673960E+02
4.45608000E+01	3.15584260E+02
4.46607100E+01	3.15494620E+02
4.47606200E+01	3.15405130E+02
4.48605300E+01	3.15315850E+02
4.49604500E+01	3.15226870E+02
4.50603600E+01	3.15138250E+02
4.51602700E+01	3.15050060E+02
4.52601800E+01	3.14962390E+02
4.53600900E+01	3.14875290E+02
4.54600100E+01	3.14788820E+02
4.55599200E+01	3.14703040E+02
4.56598300E+01	3.14617970E+02
4.57597400E+01	3.14533640E+02
4.58596600E+01	3.14450050E+02
4.59595700E+01	3.14367180E+02
4.60594800E+01	3.14284990E+02
4.61593900E+01	3.14203400E+02
4.62593000E+01	3.14122320E+02
4.63592200E+01	3.14041650E+02
4.64591300E+01	3.13961250E+02
4.65590400E+01	3.13880990E+02
4.66589500E+01	3.13800720E+02
4.67588600E+01	3.13720300E+02
4.68587800E+01	3.13639590E+02
4.69586900E+01	3.13558460E+02
4.70586000E+01	3.13476790E+02
4.71585100E+01	3.13394480E+02
4.72584200E+01	3.13311440E+02
4.73583400E+01	3.13227610E+02
4.74582500E+01	3.13142950E+02
4.75581600E+01	3.13057430E+02
4.76580700E+01	3.12971040E+02
4.77579900E+01	3.12883810E+02
4.78579000E+01	3.12795780E+02
4.79578100E+01	3.12706990E+02
4.80577200E+01	3.12617550E+02
4.81576300E+01	3.12527540E+02
4.82575500E+01	3.12437080E+02
4.83574600E+01	3.12346320E+02
4.84573700E+01	3.12255380E+02
4.85572800E+01	3.12164400E+02
4.86571900E+01	3.12073480E+02
4.87571100E+01	3.11982730E+02
4.88570200E+01	3.11892210E+02
4.89569300E+01	3.11801980E+02
4.90568400E+01	3.11712010E+02
4.91567500E+01	3.11622260E+02
4.92566700E+01	3.11532640E+02
4.93565800E+01	3.11443020E+02
4.94564900E+01	3.11353250E+02
4.95564000E+01	3.11263180E+02
4.96563100E+01	3.11172630E+02
4.97562300E+01	3.11081450E+02
4.98561400E+01	3.10989510E+02
4.99560500E+01	3.10896700E+02
5.00559600E+01	3.10802950E+02
5.01558800E+01	3.10708250E+02
5.02557900E+01	3.10612610E+02
5.03557000E+01	3.10516100E+02
5.04556100E+01	3.10418800E+02
5.05555200E+01	3.10320830E+02
5.06554400E+01	3.10222310E+02
5.07553500E+01	3.10123350E+02
5.08552600E+01	3.10024050E+02
5.09551700E+01	3.09924510E+02
5.10550800E+01	3.09824770E+02
5.11550000E+01	3.09724880E+02
5.12549100E+01	3.09624810E+02
5.13548200E+01	3.09524520E+02
5.14547300E+01	3.09423950E+02
5.15546400E+01	3.09323030E+02
5.16545600E+01	3.09221670E+02
5.17544700E+01	3.09119790E+02
5.18543800E+01	3.09017330E+02
5.19542900E+01	3.08914220E+02
5.20542100E+01	3.08810430E+02
5.21541200E+01	3.08705960E+02
5.22540300E+01	3.08600830E+02
5.23539400E+01	3.08495090E+02
5.24538500E+01	3.08388810E+02
5.25537700E+01	3.08282080E+02
5.26536800E+01	3.08175010E+02
5.27535900E+01	3.08067690E+02
5.28535000E+01	3.07960250E+02
5.29534100E+01	3.07852790E+02
5.30533300E+01	3.07745420E+02
5.31532400E+01	3.07638240E+02
5.32531500E+01	3.07531330E+02
5.33530600E+01	3.07424770E+02
5.34529700E+01	3.07318610E+02
5.35528900E+01	3.07212890E+02
5.36528000E+01	3.07107620E+02
5.37527100E+01	3.07002790E+02
5.38526200E+01	3.06898380E+02
5.39525400E+01	3.06794330E+02
5.40524500E+01	3.06690540E+02
5.41523600E+01	3.06586900E+02
5.42522700E+01	3.06483270E+02
5.43521800E+01	3.06379500E+02
5.44521000E+01	3.06275420E+02
5.45520100E+01	3.06170900E+02
5.46519200E+01	3.06065820E+02
5.47518300E+01	3.05960100E+02
5.48517400E+01	3.05853690E+02
5.49516600E+01	3.05746630E+02
5.50515700E+01	3.05639010E+02
5.51514800E+01	3.05530990E+02
5.52513900E+01	3.05422840E+02
5.53513000E+01	3.05314820E+02
5.54512200E+01	3.05207260E+02
5.55511300E+01	3.05100470E+02
5.56510400E+01	3.04994720E+02
5.57509500E+01	3.04890250E+02
5.58508700E+01	3.04787200E+02
5.59507800E+01	3.04685630E+02
5.60506900E+01	3.04585450E+02
5.61506000E+01	3.04486440E+02
5.62505100E+01	3.04388240E+02
5.63504300E+01	3.04290380E+02
5.64503400E+01	3.04192350E+02
5.65502500E+01	3.04093560E+02
5.66501600E+01	3.03993460E+02
5.67500700E+01	3.03891520E+02
5.68499900E+01	3.03787290E+02
5.69499000E+01	3.03680430E+02
5.70498100E+01	3.03570740E+02
5.71497200E+01	3.03458180E+02
5.72496300E+01	3.03342900E+02
5.73495500E+01	3.03225180E+02
5.74494600E+01	3.03105420E+02
5.75493700E+01	3.02984090E+02
5.76492800E+01	3.02861730E+02
5.77492000E+01	3.02738920E+02
5.78491100E+01	3.02616200E+02
5.79490200E+01	3.02494100E+02
5.80489300E+01	3.02373090E+02
5.81488400E+01	3.02253540E+02
5.82487600E+01	3.02135740E+02
5.83486700E+01	3.02019890E+02
5.84485800E+01	3.01906090E+02
5.85484900E+01	3.01794370E+02
5.86484000E+01	3.01684710E+02
5.87483200E+01	3.01576990E+02
5.88482300E+01	3.01471080E+02
5.89481400E+01	3.01366770E+02
5.90480500E+01	3.01263810E+02
5.91479600E+01	3.01161940E+02
5.92478800E+01	3.01060850E+02
5.93477900E+01	3.00960230E+02
5.94477000E+01	3.00859770E+02
5.95476100E+01	3.00759190E+02
5.96475300E+01	3.00658230E+02
5.97474400E+01	3.00556650E+02
5.98473500E+01	3.00454310E+02
5.99472600E+01	3.00351100E+02
6.00471700E+01	3.00247010E+02
6.01470900E+01	3.00142130E+02
6.02470000E+01	3.00036620E+02
6.03469100E+01	2.99930720E+02
6.04468200E+01	2.99824710E+02
6.05467300E+01	2.99718910E+02
6.06466500E+01	2.99613640E+02
6.07465600E+01	2.99509210E+02
6.08464700E+01	2.99405920E+02
6.09463800E+01	2.99303970E+02
6.10462900E+01	2.99203540E+02
6.11462100E+01	2.99104710E+02
6.12461200E+01	2.99007440E+02
6.13460300E+01	2.98911680E+02
6.14459400E+01	2.98817260E+02
6.15458500E+01	2.98724030E+02
6.16457700E+01	2.98631770E+02
6.17456800E+01	2.98540300E+02
6.18455900E+01	2.98449420E+02
6.19455000E+01	2.98358980E+02
6.20454200E+01	2.98268860E+02
6.21453300E+01	2.98179030E+02
6.22452400E+01	2.98089480E+02
6.23451500E+01	2.98000280E+02
6.24450600E+01	2.97911530E+02
6.25449800E+01	2.97823330E+02
6.26448900E+01	2.97735800E+02
6.27448000E+01	2.97649050E+02
6.28447100E+01	2.97563160E+02
6.29446200E+01	2.97478170E+02
6.30445400E+01	2.97394080E+02
6.31444500E+01	2.97310800E+02
6.32443600E+01	2.97228210E+02
6.33442700E+01	2.97146110E+02
6.34441800E+01	2.97064260E+02
6.35441000E+01	2.96982400E+02
6.36440100E+01	2.96900240E+02
6.37439200E+01	2.96817490E+02
6.38438300E+01	2.96733880E+02
6.39437500E+01	2.96649130E+02
6.40436600E+01	2.96563020E+02
6.41435700E+01	2.96475360E+02
6.42434800E+01	2.96385990E+02
6.43433900E+01	2.96294810E+02
6.44433100E+01	2.96201780E+02
6.45432200E+01	2.96106870E+02
6.46431300E+01	2.96010110E+02
6.47430400E+01	2.95911550E+02
6.48429500E+01	2.95811290E+02
6.49428700E+01	2.95709460E+02
6.50427800E+01	2.95606220E+02
6.51426900E+01	2.95501760E+02
6.52426000E+01	2.95396290E+02
6.53425100E+01	2.95290040E+02
6.54424300E+01	2.95183210E+02
6.55423400E+01	2.95076030E+02
6.56422500E+01	2.94968660E+02
6.57421600E+01	2.94861260E+02
6.58420800E+01	2.94753910E+02
6.59419900E+01	2.94646640E+02
6.60419000E+01	2.94539410E+02
6.61418100E+01	2.94432090E+02
6.62417200E+01	2.94324480E+02
6.63416400E+01	2.94216320E+02
6.64415500E+01	2.94107320E+02
6.65414600E+01	2.93997180E+02
6.66413700E+01	2.93885610E+02
6.67412800E+01	2.93772370E+02
6.68412000E+01	2.93657280E+02
6.69411100E+01	2.93540220E+02
6.70410200E+01	2.93421220E+02
6.71409300E+01	2.93300400E+02
6.72408400E+01	2.93178020E+02
6.73407600E+01	2.93054440E+02
6.74406700E+01	2.92930090E+02
6.75405800E+01	2.92805460E+02
6.76404900E+01	2.92681030E+02
6.77404100E+01	2.92557310E+02
6.78403200E+01	2.92434740E+02
6.79402300E+01	2.92313730E+02
6.80401400E+01	2.92194570E+02
6.81400500E+01	2.92077460E+02
6.82399700E+01	2.91962480E+02
6.83398800E+01	2.91849620E+02
6.84397900E+01	2.91738770E+02
6.85397000E+01	2.91629760E+02
6.86396100E+01	2.91522390E+02
6.87395300E+01	2.91416410E+02
6.88394400E+01	2.91311590E+02
6.89393500E+01	2.91207670E+02
6.90392600E+01	2.91104450E+02
6.91391700E+01	2.91001750E+02
6.92390900E+01	2.90899450E+02
6.93390000E+01	2.90797470E+02
6.94389100E+01	2.90695760E+02
6.95388200E+01	2.90594290E+02
6.96387400E+01	2.90493060E+02
6.97386500E+01	2.90392080E+02
6.98385600E+01	2.90291350E+02
6.99384700E+01	2.90190880E+02
7.00383800E+01	2.90090650E+02
7.01383000E+01	2.89990660E+02
7.02382100E+01	2.89890840E+02
7.03381200E+01	2.89791140E+02
7.04380300E+01	2.89691480E+02
7.05379400E+01	2.89591790E+02
7.06378600E+01	2.89491970E+02
7.07377700E+01	2.89391950E+02
7.08376800E+01	2.89291630E+02
7.09375900E+01	2.89190960E+02
7.10375000E+01	2.89089880E+02
7.11374200E+01	2.88988350E+02
7.12373300E+01	2.88886350E+02
7.13372400E+01	2.88783880E+02
7.14371500E+01	2.88680970E+02
7.15370700E+01	2.88577620E+02
7.16369800E+01	2.88473900E+02
7.17368900E+01	2.88369840E+02
7.18368000E+01	2.88265510E+02
7.19367100E+01	2.88160980E+02
7.20366300E+01	2.88056300E+02
7.21365400E+01	2.87951560E+02
7.22364500E+01	2.87846830E+02
7.23363600E+01	2.87742170E+02
7.24362700E+01	2.87637640E+02
7.25361900E+01	2.87533290E+02
7.26361000E+01	2.87429150E+02
7.27360100E+01	2.87325220E+02
7.28359200E+01	2.87221490E+02
7.29358300E+01	2.87117920E+02
7.30357500E+01	2.87014420E+02
7.31356600E+01	2.86910900E+02
7.32355700E+01	2.86807190E+02
7.33354800E+01	2.86703150E+02
7.34353900E+01	2.86598600E+02
7.35353100E+01	2.86493370E+02
7.36352200E+01	2.86387330E+02
7.37351300E+01	2.86280340E+02
7.38350400E+01	2.86172360E+02
7.39349600E+01	2.86063350E+02
7.40348700E+01	2.85953370E+02
7.41347800E+01	2.85842560E+02
7.42346900E+01	2.85731130E+02
7.43346000E+01	2.85619350E+02
7.44345200E+01	2.85507510E+02
7.45344300E+01	2.85395950E+02
7.46343400E+01	2.85284970E+02
7.47342500E+01	2.85174870E+02
7.48341600E+01	2.85065900E+02
7.49340800E+01	2.84958230E+02
7.50339900E+01	2.84851950E+02
7.51339000E+01	2.84747060E+02
7.52338100E+01	2.84643440E+02
7.53337200E+01	2.84540890E+02
7.54336400E+01	2.84439170E+02
7.55335500E+01	2.84338000E+02
7.56334600E+01	2.84237130E+02
7.57333700E+01	2.84136320E+02
7.58332900E+01	2.84035370E+02
7.59332000E+01	2.83934200E+02
7.60331100E+01	2.83832810E+02
7.61330200E+01	2.83731360E+02
7.62329300E+01	2.83630130E+02
7.63328500E+01	2.83529480E+02
7.64327600E+01	2.83429860E+02
7.65326700E+01	2.83331750E+02
7.66325800E+01	2.83235620E+02
7.67324900E+01	2.83141900E+02
7.68324100E+01	2.83050940E+02
7.69323200E+01	2.82962990E+02
7.70322300E+01	2.82878140E+02
7.71321400E+01	2.82796320E+02
7.72320500E+01	2.82717280E+02
7.73319700E+01	2.82640620E+02
7.74318800E+01	2.82565820E+02
7.75317900E+01	2.82492290E+02
7.76317000E+01	2.82419410E+02
7.77316200E+01	2.82346540E+02
7.78315300E+01	2.82273080E+02
7.79314400E+01	2.82198500E+02
7.80313500E+01	2.82122350E+02
7.81312600E+01	2.82044340E+02
7.82311800E+01	2.81964320E+02
7.83310900E+01	2.81882260E+02
7.84310000E+01	2.81798260E+02
7.85309100E+01	2.81712510E+02
7.86308200E+01	2.81625280E+02
7.87307400E+01	2.81536900E+02
7.88306500E+01	2.81447760E+02
7.89305600E+01	2.81358280E+02
7.90304700E+01	2.81268860E+02
7.91303800E+01	2.81179940E+02
7.92303000E+01	2.81091910E+02
7.93302100E+01	2.81005130E+02
7.94301200E+01	2.80919950E+02
7.95300300E+01	2.80836630E+02
7.96299500E+01	2.80755380E+02
7.97298600E+01	2.80676330E+02
7.98297700E+01	2.80599520E+02
7.99296800E+01	2.80524910E+02
8.00295900E+01	2.80452320E+02
8.01295100E+01	2.80381460E+02
8.02294200E+01	2.80311950E+02
8.03293300E+01	2.80243290E+02
8.04292400E+01	2.80174940E+02
8.05291500E+01	2.80106360E+02
8.06290700E+01	2.80036980E+02
8.07289800E+01	2.79966300E+02
8.08288900E+01	2.79893870E+02
8.09288000E+01	2.79819350E+02
8.10287100E+01	2.79742540E+02
8.11286300E+01	2.79663400E+02
8.12285400E+01	2.79582040E+02
8.13284500E+01	2.79498730E+02
8.14283600E+01	2.79413820E+02
8.15282800E+01	2.79327800E+02
8.16281900E+01	2.79241160E+02
8.17281000E+01	2.79154450E+02
8.18280100E+01	2.79068210E+02
8.19279200E+01	2.78982960E+02
8.20278400E+01	2.78899150E+02
8.21277500E+01	2.78817150E+02
8.22276600E+01	2.78737240E+02
8.23275700E+01	2.78659600E+02
8.24274800E+01	2.78584360E+02
8.25274000E+01	2.78511550E+02
8.26273100E+01	2.78441160E+02
8.27272200E+01	2.78373120E+02
8.28271300E+01	2.78307310E+02
8.29270400E+01	2.78243610E+02
8.30269600E+01	2.78181860E+02
8.31268700E+01	2.78121880E+02
8.32267800E+01	2.78063500E+02
8.33266900E+01	2.78006550E+02
8.34266100E+01	2.77950850E+02
8.35265200E+01	2.77896270E+02
8.36264300E+01	2.77842650E+02
8.37263400E+01	2.77789890E+02
8.38262500E+01	2.77737890E+02
8.39261700E+01	2.77686610E+02
8.40260800E+01	2.77636040E+02
8.41259900E+01	2.77586190E+02
8.42259000E+01	2.77537140E+02
8.43258100E+01	2.77489000E+02
8.44257300E+01	2.77441910E+02
8.45256400E+01	2.77396040E+02
8.46255500E+01	2.77351560E+02
8.47254600E+01	2.77308650E+02
8.48253700E+01	2.77267520E+02
8.49252900E+01	2.77228350E+02
8.50252000E+01	2.77191310E+02
8.51251100E+01	2.77156570E+02
8.52250200E+01	2.77124240E+02
8.53249300E+01	2.77094460E+02
8.54248500E+01	2.77067300E+02
8.55247600E+01	2.77042820E+02
8.56246700E+01	2.77021060E+02
8.57245800E+01	2.77002030E+02
8.58245000E+01	2.76985720E+02
8.59244100E+01	2.76972060E+02
8.60243200E+01	2.76960990E+02
8.61242300E+01	2.76952400E+02
8.62241400E+01	2.76946160E+02
8.63240600E+01	2.76942130E+02
8.64239700E+01	2.76940160E+02
8.65238800E+01	2.76940120E+02
8.66237900E+01	2.76941910E+02
8.67237000E+01	2.76945450E+02
8.68236200E+01	2.76950720E+02
8.69235300E+01	2.76957770E+02
8.70234400E+01	2.76966720E+02
8.71233500E+01	2.76977760E+02
8.72232600E+01	2.76991200E+02
8.73231800E+01	2.77007370E+02
8.74230900E+01	2.77026680E+02
8.75230000E+01	2.77049550E+02
8.76229100E+01	2.77076400E+02
8.77228300E+01	2.77107610E+02
8.78227400E+01	2.77143550E+02
8.79226500E+01	2.77184490E+02
8.80225600E+01	2.77230630E+02
8.81224700E+01	2.77282060E+02
8.82223900E+01	2.77338730E+02
8.83223000E+01	2.77400550E+02
8.84222100E+01	2.77467330E+02
8.85221200E+01	2.77538860E+02
8.86220300E+01	2.77614900E+02
8.87219500E+01	2.77695240E+02
8.88218600E+01	2.77779720E+02
8.89217700E+01	2.77868220E+02
8.90216800E+01	2.77960740E+02
8.91215900E+01	2.78057390E+02
8.92215100E+01	2.78158400E+02
8.93214200E+01	2.78264120E+02
8.94213300E+01	2.78375000E+02
8.95212400E+01	2.78491570E+02
8.96211600E+01	2.78614450E+02
8.97210700E+01	2.78744280E+02
8.98209800E+01	2.78881760E+02
8.99208900E+01	2.79027600E+02
9.00208000E+01	2.79182520E+02
9.01207200E+01	2.79347220E+02
9.02206300E+01	2.79522410E+02
9.03205400E+01	2.79708740E+02
9.04204500E+01	2.79906870E+02
9.05203600E+01	2.80117410E+02
9.06202800E+01	2.80340970E+02
9.07201900E+01	2.80578130E+02
9.08201000E+01	2.80829420E+02
9.09200100E+01	2.81095380E+02
9.10199200E+01	2.81376490E+02
9.11198400E+01	2.81673220E+02
9.12197500E+01	2.81986010E+02
9.13196600E+01	2.82315290E+02
9.14195700E+01	2.82661490E+02
9.15194900E+01	2.83025040E+02
9.16194000E+01	2.83406390E+02
9.17193100E+01	2.83806030E+02
9.18192200E+01	2.84224490E+02
9.19191300E+01	2.84662350E+02
9.20190500E+01	2.85120270E+02
9.21189600E+01	2.85598970E+02
9.22188700E+01	2.86099240E+02
9.23187800E+01	2.86621940E+02
9.24186900E+01	2.87167920E+02
9.25186100E+01	2.87738060E+02
9.26185200E+01	2.88333180E+02
9.27184300E+01	2.88954040E+02
9.28183400E+01	2.89601320E+02
9.29182500E+01	2.90275580E+02
9.30181700E+01	2.90977240E+02
9.31180800E+01	2.91706510E+02
9.32179900E+01	2.92463440E+02
9.33179000E+01	2.93247790E+02
9.34178200E+01	2.94059060E+02
9.35177300E+01	2.94896420E+02
9.36176400E+01	2.95758640E+02
9.37175500E+01	2.96644120E+02
9.38174600E+01	2.97550760E+02
9.39173800E+01	2.98476010E+02
9.40172900E+01	2.99416730E+02
9.41172000E+01	3.00369240E+02
9.42171100E+01	3.01329270E+02
9.43170200E+01	3.02292100E+02
9.44169400E+01	3.03252580E+02
9.45168500E+01	3.04205300E+02
9.46167600E+01	3.05144650E+02
9.47166700E+01	3.06064920E+02
9.48165800E+01	3.06960410E+02
9.49165000E+01	3.07825520E+02
9.50164100E+01	3.08654860E+02
9.51163200E+01	3.09443330E+02
9.52162300E+01	3.10186210E+02
9.53161500E+01	3.10879310E+02
9.54160600E+01	3.11518980E+02
9.55159700E+01	3.12102270E+02
9.56158800E+01	3.12627000E+02
9.57157900E+01	3.13091840E+02
9.58157100E+01	3.13496460E+02
9.59156200E+01	3.13841560E+02
9.60155300E+01	3.14129030E+02
9.61154400E+01	3.14362010E+02
9.62153500E+01	3.14544840E+02
9.63152700E+01	3.14682940E+02
9.64151800E+01	3.14782590E+02
9.65150900E+01	3.14850740E+02
9.66150000E+01	3.14894760E+02
9.67149100E+01	3.14922290E+02
9.68148300E+01	3.14940990E+02
9.69147400E+01	3.14958360E+02
9.70146500E+01	3.14981510E+02
9.71145600E+01	3.15017010E+02
9.72144700E+01	3.15070690E+02
9.73143900E+01	3.15147640E+02
9.74143000E+01	3.15252140E+02
9.75142100E+01	3.15387600E+02
9.76141200E+01	3.15556590E+02
9.77140400E+01	3.15760730E+02
9.78139500E+01	3.16000690E+02
9.79138600E+01	3.16276140E+02
9.80137700E+01	3.16585710E+02
9.81136800E+01	3.16926940E+02
9.82136000E+01	3.17296360E+02
9.83135100E+01	3.17689590E+02
9.84134200E+01	3.18101510E+02
9.85133300E+01	3.18526440E+02
9.86132400E+01	3.18958290E+02
9.87131600E+01	3.19390770E+02
9.88130700E+01	3.19817480E+02
9.89129800E+01	3.20232160E+02
9.90128900E+01	3.20628800E+02
9.91128000E+01	3.21001820E+02
9.92127200E+01	3.21346210E+02
9.93126300E+01	3.21657570E+02
9.94125400E+01	3.21932230E+02
9.95124500E+01	3.22167270E+02
9.96123700E+01	3.22360620E+02
9.97122800E+01	3.22511100E+02
9.98121900E+01	3.22618510E+02
9.99121000E+01	3.22683700E+02
1.00012010E+02	3.22708620E+02
1.00111930E+02	3.22696420E+02
1.00211840E+02	3.22651340E+02
1.00311750E+02	3.22578610E+02
1.00411660E+02	3.22484190E+02
1.00511570E+02	3.22374590E+02
1.00611490E+02	3.22256600E+02
1.00711400E+02	3.22137140E+02
1.00811310E+02	3.22022970E+02
1.00911220E+02	3.21920520E+02
1.01011130E+02	3.21835650E+02
1.01111050E+02	3.21773470E+02
1.01210960E+02	3.21738180E+02
1.01310870E+02	3.21733060E+02
1.01410780E+02	3.21760460E+02
1.01510700E+02	3.21821830E+02
1.01610610E+02	3.21917710E+02
1.01710520E+02	3.22047750E+02
1.01810430E+02	3.22210720E+02
1.01910340E+02	3.22404470E+02
1.02010260E+02	3.22626010E+02
1.02110170E+02	3.22871440E+02
1.02210080E+02	3.23136110E+02
1.02309990E+02	3.23414680E+02
1.02409900E+02	3.23701370E+02
1.02509820E+02	3.23990120E+02
1.02609730E+02	3.24274760E+02
1.02709640E+02	3.24549230E+02
1.02809550E+02	3.24807710E+02
1.02909460E+02	3.25044880E+02
1.03009380E+02	3.25256050E+02
1.03109290E+02	3.25437320E+02
1.03209200E+02	3.25585750E+02
1.03309110E+02	3.25699310E+02
1.03409030E+02	3.25776890E+02
1.03508940E+02	3.25818260E+02
1.03608850E+02	3.25824070E+02
1.03708760E+02	3.25795770E+02
1.03808670E+02	3.25735660E+02
1.03908590E+02	3.25646830E+02
1.04008500E+02	3.25533130E+02
1.04108410E+02	3.25399170E+02
1.04208320E+02	3.25250200E+02
1.04308230E+02	3.25091990E+02
1.04408150E+02	3.24930590E+02
1.04508060E+02	3.24772150E+02
1.04607970E+02	3.24622710E+02
1.04707880E+02	3.24488030E+02
1.04807790E+02	3.24373340E+02
1.04907710E+02	3.24283170E+02
1.05007620E+02	3.24221150E+02
1.05107530E+02	3.24189820E+02
1.05207440E+02	3.24190550E+02
1.05307360E+02	3.24223580E+02
1.05407270E+02	3.24288190E+02
1.05507180E+02	3.24382780E+02
1.05607090E+02	3.24505000E+02
1.05707000E+02	3.24651900E+02
1.05806920E+02	3.24820030E+02
1.05906830E+02	3.25005560E+02
1.06006740E+02	3.25204410E+02
1.06106650E+02	3.25412360E+02
1.06206560E+02	3.25625180E+02
1.06306480E+02	3.25838680E+02
1.06406390E+02	3.26048820E+02
1.06506300E+02	3.26251820E+02
1.06606210E+02	3.26444180E+02
1.06706120E+02	3.26622840E+02
1.06806040E+02	3.26785200E+02
1.06905950E+02	3.26929260E+02
1.07005860E+02	3.27053680E+02
1.07105770E+02	3.27157870E+02
1.07205690E+02	3.27241980E+02
1.07305600E+02	3.27306890E+02
1.07405510E+02	3.27354070E+02
1.07505420E+02	3.27385510E+02
1.07605330E+02	3.27403590E+02
1.07705250E+02	3.27411030E+02
1.07805160E+02	3.27410740E+02
1.07905070E+02	3.27405760E+02
1.08004980E+02	3.27399160E+02
1.08104890E+02	3.27393930E+02
1.08204810E+02	3.27392910E+02
1.08304720E+02	3.27398720E+02
1.08404630E+02	3.27413760E+02
1.08504540E+02	3.27440080E+02
1.08604450E+02	3.27479420E+02
1.08704370E+02	3.27533080E+02
1.08804280E+02	3.27601940E+02
1.08904190E+02	3.27686360E+02
1.09004100E+02	3.27786140E+02
1.09104010E+02	3.27900490E+02
1.09203930E+02	3.28028040E+02
1.09303840E+02	3.28166900E+02
1.09403750E+02	3.28314760E+02
1.09503660E+02	3.28469020E+02
1.09603580E+02	3.28626880E+02
1.09703490E+02	3.28785470E+02
1.09803400E+02	3.28941940E+02
1.09903310E+02	3.29093570E+02
1.10003220E+02	3.29237900E+02
1.10103140E+02	3.29372780E+02
1.10203050E+02	3.29496500E+02
1.10302960E+02	3.29607760E+02
1.10402870E+02	3.29705670E+02
1.10502780E+02	3.29789710E+02
1.10602700E+02	3.29859740E+02
1.10702610E+02	3.29915990E+02
1.10802520E+02	3.29959020E+02
1.10902430E+02	3.29989710E+02
1.11002340E+02	3.30009270E+02
1.11102260E+02	3.30019190E+02
1.11202170E+02	3.30021230E+02
1.11302080E+02	3.30017340E+02
1.11401990E+02	3.30009600E+02
1.11501910E+02	3.30000110E+02
1.11601820E+02	3.29990950E+02
1.11701730E+02	3.29984070E+02
1.11801640E+02	3.29981210E+02
1.11901550E+02	3.29983870E+02
1.12001470E+02	3.29993150E+02
1.12101380E+02	3.30009760E+02
1.12201290E+02	3.30033920E+02
1.12301200E+02	3.30065450E+02
1.12401110E+02	3.30103780E+02
1.12501030E+02	3.30148050E+02
1.12600940E+02	3.30197160E+02
1.12700850E+02	3.30249820E+02
1.12800760E+02	3.30304650E+02
1.12900670E+02	3.30360200E+02
1.13000590E+02	3.30415020E+02
1.13100500E+02	3.30467760E+02
1.13200410E+02	3.30517160E+02
1.13300320E+02	3.30562120E+02
1.13400240E+02	3.30601690E+02
1.13500150E+02	3.30635120E+02
1.13600060E+02	3.30661840E+02
1.13699970E+02	3.30681500E+02
1.13799880E+02	3.30693990E+02
1.13899800E+02	3.30699470E+02
1.13999710E+02	3.30698360E+02
1.14099620E+02	3.30691370E+02
1.14199530E+02	3.30679490E+02
1.14299440E+02	3.30663950E+02
1.14399360E+02	3.30646140E+02
1.14499270E+02	3.30627540E+02
1.14599180E+02	3.30609660E+02
1.14699090E+02	3.30593960E+02
1.14799000E+02	3.30581790E+02
1.14898920E+02	3.30574320E+02
1.14998830E+02	3.30572460E+02
1.15098740E+02	3.30576800E+02
1.15198650E+02	3.30587590E+02
1.15298570E+02	3.30604760E+02
1.15398480E+02	3.30627940E+02
1.15498390E+02	3.30656550E+02
1.15598300E+02	3.30689820E+02
1.15698210E+02	3.30726860E+02
1.15798130E+02	3.30766680E+02
1.15898040E+02	3.30808280E+02
1.15997950E+02	3.30850650E+02
1.16097860E+02	3.30892850E+02
1.16197770E+02	3.30934050E+02
1.16297690E+02	3.30973510E+02
1.16397600E+02	3.31010610E+02
1.16497510E+02	3.31044850E+02
1.16597420E+02	3.31075830E+02
1.16697330E+02	3.31103310E+02
1.16797250E+02	3.31127160E+02
1.16897160E+02	3.31147370E+02
1.16997070E+02	3.31164080E+02
1.17096980E+02	3.31177590E+02
1.17196900E+02	3.31188290E+02
1.17296810E+02	3.31196730E+02
1.17396720E+02	3.31203500E+02
1.17496630E+02	3.31209270E+02
1.17596540E+02	3.31214720E+02
1.17696460E+02	3.31220540E+02
1.17796370E+02	3.31227360E+02
1.17896280E+02	3.31235750E+02
1.17996190E+02	3.31246190E+02
1.18096100E+02	3.31259030E+02
1.18196020E+02	3.31274480E+02
1.18295930E+02	3.31292600E+02
1.18395840E+02	3.31313340E+02
1.18495750E+02	3.31336510E+02
1.18595660E+02	3.31361840E+02
1.18695580E+02	3.31388930E+02
1.18795490E+02	3.31417320E+02
1.18895400E+02	3.31446480E+02
1.18995310E+02	3.31475800E+02
1.19095230E+02	3.31504640E+02
1.19195140E+02	3.31532310E+02
1.19295050E+02	3.31558110E+02
1.19394960E+02	3.31581320E+02
1.19494870E+02	3.31601280E+02
1.19594790E+02	3.31617320E+02
1.19694700E+02	3.31628870E+02
1.19794610E+02	3.31635420E+02
1.19894520E+02	3.31636570E+02
