0.00000E+00	1.02298E+00
9.99100E-02	1.01850E+00
1.99830E-01	9.70645E-01
2.99740E-01	8.87580E-01
3.99650E-01	7.77341E-01
4.99560E-01	6.47854E-01
5.99470E-01	5.06969E-01
6.99390E-01	3.62489E-01
7.99300E-01	2.22206E-01
8.99210E-01	9.39273E-02
9.99120E-01	-1.44980E-02
1.09903E+00	-9.79478E-02
1.19895E+00	-1.58866E-01
1.29886E+00	-2.00903E-01
1.39877E+00	-2.27636E-01
1.49868E+00	-2.42579E-01
1.59859E+00	-2.49201E-01
1.69851E+00	-2.50939E-01
1.79842E+00	-2.51209E-01
1.89833E+00	-2.53422E-01
1.99824E+00	-2.60994E-01
2.09815E+00	-2.75622E-01
2.19807E+00	-2.94155E-01
2.29798E+00	-3.12612E-01
2.39789E+00	-3.27009E-01
2.49780E+00	-3.33347E-01
2.59772E+00	-3.27596E-01
2.69763E+00	-3.05678E-01
2.79754E+00	-2.63448E-01
2.89745E+00	-1.96686E-01
2.99736E+00	-1.01074E-01
3.09728E+00	2.45299E-02
3.19719E+00	1.71940E-01
3.29710E+00	3.31369E-01
3.39701E+00	4.93076E-01
3.49692E+00	6.47332E-01
3.59684E+00	7.84377E-01
3.69675E+00	8.94381E-01
3.79666E+00	9.67411E-01
3.89657E+00	9.93384E-01
3.99648E+00	9.62038E-01
4.09640E+00	8.68359E-01
4.19631E+00	7.23229E-01
4.29622E+00	5.40287E-01
4.39613E+00	3.33024E-01
4.49605E+00	1.14834E-01
4.59596E+00	-1.00932E-01
4.69587E+00	-3.00914E-01
4.79578E+00	-4.71689E-01
4.89569E+00	-5.99718E-01
4.99561E+00	-6.71298E-01
5.09552E+00	-6.78533E-01
5.19543E+00	-6.31515E-01
5.29534E+00	-5.43557E-01
5.39525E+00	-4.27815E-01
5.49517E+00	-2.97329E-01
5.59508E+00	-1.65086E-01
5.69499E+00	-4.40629E-02
5.79490E+00	5.27183E-02
5.89481E+00	1.12139E-01
5.99473E+00	1.20937E-01
6.09464E+00	7.12621E-02
6.19455E+00	-2.75416E-02
6.29446E+00	-1.62951E-01
6.39438E+00	-3.22587E-01
6.49429E+00	-4.94169E-01
6.59420E+00	-6.65461E-01
6.69411E+00	-8.24227E-01
6.79402E+00	-9.58181E-01
6.89394E+00	-1.05494E+00
6.99385E+00	-1.10197E+00
7.09376E+00	-1.09132E+00
7.19367E+00	-1.02998E+00
7.29358E+00	-9.27768E-01
7.39350E+00	-7.94330E-01
7.49341E+00	-6.39196E-01
7.59332E+00	-4.71811E-01
7.69323E+00	-3.01566E-01
7.79314E+00	-1.37846E-01
7.89306E+00	9.94073E-03
7.99297E+00	1.32324E-01
8.09288E+00	2.22103E-01
8.19279E+00	2.79708E-01
8.29271E+00	3.07021E-01
8.39262E+00	3.05808E-01
8.49253E+00	2.77721E-01
8.59244E+00	2.24304E-01
8.69235E+00	1.47004E-01
8.79227E+00	4.71702E-02
8.89218E+00	-7.39348E-02
8.99209E+00	-2.15133E-01
9.09200E+00	-3.73770E-01
9.19191E+00	-5.42029E-01
9.29183E+00	-7.11039E-01
9.39174E+00	-8.71929E-01
9.49165E+00	-1.01580E+00
9.59156E+00	-1.13368E+00
9.69147E+00	-1.21649E+00
9.79139E+00	-1.25503E+00
9.89130E+00	-1.23991E+00
9.99121E+00	-1.16154E+00
1.00911E+01	-1.01498E+00
1.01910E+01	-8.11999E-01
1.02910E+01	-5.67778E-01
1.03909E+01	-2.97338E-01
1.04908E+01	-1.55980E-02
1.05907E+01	2.62571E-01
1.06906E+01	5.22281E-01
1.07905E+01	7.48572E-01
1.08904E+01	9.26353E-01
1.09903E+01	1.04034E+00
1.10902E+01	1.08065E+00
1.11902E+01	1.05713E+00
1.12901E+01	9.83766E-01
1.13900E+01	8.74373E-01
1.14899E+01	7.42615E-01
1.15898E+01	6.02065E-01
1.16897E+01	4.66265E-01
1.17896E+01	3.48774E-01
1.18895E+01	2.63224E-01
1.19895E+01	2.23372E-01
1.20894E+01	2.38431E-01
1.21893E+01	3.00665E-01
1.22892E+01	3.98628E-01
1.23891E+01	5.21020E-01
1.24890E+01	6.56632E-01
1.25889E+01	7.94311E-01
1.26888E+01	9.22911E-01
1.27887E+01	1.03125E+00
1.28887E+01	1.10807E+00
1.29886E+01	1.14197E+00
1.30885E+01	1.12519E+00
1.31884E+01	1.06383E+00
1.32883E+01	9.67091E-01
1.33882E+01	8.44059E-01
1.34881E+01	7.03697E-01
1.35881E+01	5.54904E-01
1.36880E+01	4.06547E-01
1.37879E+01	2.67494E-01
1.38878E+01	1.46648E-01
1.39877E+01	5.29869E-02
1.40876E+01	-6.66552E-03
1.41875E+01	-3.40030E-02
1.42874E+01	-3.26611E-02
1.43873E+01	-6.16227E-03
1.44873E+01	4.20708E-02
1.45872E+01	1.08701E-01
1.46871E+01	1.90465E-01
1.47870E+01	2.84158E-01
1.48869E+01	3.86622E-01
1.49868E+01	4.94736E-01
1.50867E+01	6.04923E-01
1.51866E+01	7.11740E-01
1.52866E+01	8.09269E-01
1.53865E+01	8.91559E-01
1.54864E+01	9.52596E-01
1.55863E+01	9.86281E-01
1.56862E+01	9.86410E-01
1.57861E+01	9.46644E-01
1.58860E+01	8.60487E-01
1.59859E+01	7.21260E-01
1.60858E+01	5.25975E-01
1.61858E+01	2.87167E-01
1.62857E+01	2.11707E-02
1.63856E+01	-2.55789E-01
1.64855E+01	-5.27531E-01
1.65854E+01	-7.77851E-01
1.66853E+01	-9.90461E-01
1.67852E+01	-1.14893E+00
1.68852E+01	-1.23659E+00
1.69851E+01	-1.23653E+00
1.70850E+01	-1.13786E+00
1.71849E+01	-9.55785E-01
1.72848E+01	-7.12044E-01
1.73847E+01	-4.28132E-01
1.74846E+01	-1.25386E-01
1.75845E+01	1.74935E-01
1.76844E+01	4.51559E-01
1.77844E+01	6.83122E-01
1.78843E+01	8.48081E-01
1.79842E+01	9.24630E-01
1.80841E+01	8.97554E-01
1.81840E+01	7.80751E-01
1.82839E+01	5.95620E-01
1.83838E+01	3.63287E-01
1.84837E+01	1.04693E-01
1.85837E+01	-1.59324E-01
1.86836E+01	-4.07951E-01
1.87835E+01	-6.20310E-01
1.88834E+01	-7.75382E-01
1.89833E+01	-8.51921E-01
1.90832E+01	-8.34717E-01
1.91831E+01	-7.35912E-01
1.92830E+01	-5.74894E-01
1.93829E+01	-3.70803E-01
1.94829E+01	-1.42611E-01
1.95828E+01	9.08073E-02
1.96827E+01	3.10597E-01
1.97826E+01	4.97849E-01
1.98825E+01	6.33526E-01
1.99824E+01	6.98386E-01
2.00823E+01	6.78536E-01
2.01823E+01	5.84984E-01
2.02822E+01	4.35520E-01
2.03821E+01	2.47714E-01
2.04820E+01	3.89821E-02
2.05819E+01	-1.73339E-01
2.06818E+01	-3.71930E-01
2.07817E+01	-5.39414E-01
2.08816E+01	-6.58294E-01
2.09815E+01	-7.10881E-01
2.10815E+01	-6.84180E-01
2.11814E+01	-5.87730E-01
2.12813E+01	-4.37363E-01
2.13812E+01	-2.48699E-01
2.14811E+01	-3.72074E-02
2.15810E+01	1.81733E-01
2.16809E+01	3.92775E-01
2.17808E+01	5.80535E-01
2.18808E+01	7.29544E-01
2.19807E+01	8.24174E-01
2.20806E+01	8.52443E-01
2.21805E+01	8.20346E-01
2.22804E+01	7.39027E-01
2.23803E+01	6.19438E-01
2.24802E+01	4.72376E-01
2.25801E+01	3.08533E-01
2.26800E+01	1.38533E-01
2.27800E+01	-2.70248E-02
2.28799E+01	-1.77523E-01
2.29798E+01	-3.02284E-01
2.30797E+01	-3.92591E-01
2.31796E+01	-4.49596E-01
2.32795E+01	-4.77353E-01
2.33794E+01	-4.79803E-01
2.34793E+01	-4.60785E-01
2.35793E+01	-4.24053E-01
2.36792E+01	-3.73293E-01
2.37791E+01	-3.12133E-01
2.38790E+01	-2.44162E-01
2.39789E+01	-1.72941E-01
2.40788E+01	-1.01702E-01
2.41787E+01	-3.21031E-02
2.42786E+01	3.46807E-02
2.43786E+01	9.74639E-02
2.44785E+01	1.55045E-01
2.45784E+01	2.06203E-01
2.46783E+01	2.49689E-01
2.47782E+01	2.84227E-01
2.48781E+01	3.08502E-01
2.49780E+01	3.21163E-01
2.50779E+01	3.21133E-01
2.51778E+01	3.08959E-01
2.52778E+01	2.85668E-01
2.53777E+01	2.52246E-01
2.54776E+01	2.09637E-01
2.55775E+01	1.58751E-01
2.56774E+01	1.00462E-01
2.57773E+01	3.56182E-02
2.58772E+01	-3.49605E-02
2.59771E+01	-1.10476E-01
2.60771E+01	-1.89878E-01
2.61770E+01	-2.70699E-01
2.62769E+01	-3.50012E-01
2.63768E+01	-4.24880E-01
2.64767E+01	-4.92349E-01
2.65766E+01	-5.49439E-01
2.66765E+01	-5.93124E-01
2.67764E+01	-6.20330E-01
2.68764E+01	-6.27913E-01
2.69763E+01	-6.12654E-01
2.70762E+01	-5.72238E-01
2.71761E+01	-5.09610E-01
2.72760E+01	-4.29434E-01
2.73759E+01	-3.36305E-01
2.74758E+01	-2.34765E-01
2.75757E+01	-1.29326E-01
2.76757E+01	-2.44816E-02
2.77756E+01	7.52700E-02
2.78755E+01	1.65412E-01
2.79754E+01	2.41388E-01
2.80753E+01	2.99302E-01
2.81752E+01	3.39141E-01
2.82751E+01	3.62191E-01
2.83750E+01	3.69669E-01
2.84749E+01	3.62735E-01
2.85749E+01	3.42487E-01
2.86748E+01	3.09975E-01
2.87747E+01	2.66196E-01
2.88746E+01	2.12106E-01
2.89745E+01	1.48619E-01
2.90744E+01	7.70181E-02
2.91743E+01	8.74398E-04
2.92742E+01	-7.54378E-02
2.93742E+01	-1.47544E-01
2.94741E+01	-2.11054E-01
2.95740E+01	-2.61541E-01
2.96739E+01	-2.94530E-01
2.97738E+01	-3.05474E-01
2.98737E+01	-2.89742E-01
2.99736E+01	-2.42593E-01
3.00735E+01	-1.60873E-01
3.01735E+01	-5.12926E-02
3.02734E+01	7.59173E-02
3.03733E+01	2.10589E-01
3.04732E+01	3.42584E-01
3.05731E+01	4.61754E-01
3.06730E+01	5.57900E-01
3.07729E+01	6.20732E-01
3.08728E+01	6.39827E-01
3.09728E+01	6.04590E-01
3.10727E+01	5.07158E-01
3.11726E+01	3.57156E-01
3.12725E+01	1.70606E-01
3.13724E+01	-3.66014E-02
3.14723E+01	-2.48659E-01
3.15722E+01	-4.49777E-01
3.16721E+01	-6.24124E-01
3.17720E+01	-7.55763E-01
3.18720E+01	-8.28585E-01
3.19719E+01	-8.26252E-01
3.20718E+01	-7.36004E-01
3.21717E+01	-5.68714E-01
3.22716E+01	-3.44116E-01
3.23715E+01	-8.17325E-02
3.24714E+01	1.99062E-01
3.25713E+01	4.78965E-01
3.26713E+01	7.38673E-01
3.27712E+01	9.58800E-01
3.28711E+01	1.11981E+00
3.29710E+01	1.20191E+00
3.30709E+01	1.18899E+00
3.31708E+01	1.08971E+00
3.32707E+01	9.22243E-01
3.33706E+01	7.04533E-01
3.34706E+01	4.54317E-01
3.35705E+01	1.89204E-01
3.36704E+01	-7.32534E-02
3.37703E+01	-3.15495E-01
3.38702E+01	-5.19879E-01
3.39701E+01	-6.68614E-01
3.40700E+01	-7.46502E-01
3.41699E+01	-7.56451E-01
3.42699E+01	-7.08485E-01
3.43698E+01	-6.12421E-01
3.44697E+01	-4.77885E-01
3.45696E+01	-3.14350E-01
3.46695E+01	-1.31176E-01
3.47694E+01	6.23546E-02
3.48693E+01	2.57003E-01
3.49692E+01	4.43531E-01
3.50691E+01	6.13339E-01
3.51691E+01	7.62238E-01
3.52690E+01	8.87804E-01
3.53689E+01	9.87523E-01
3.54688E+01	1.05878E+00
3.55687E+01	1.09886E+00
3.56686E+01	1.10490E+00
3.57685E+01	1.07392E+00
3.58684E+01	1.00278E+00
3.59684E+01	8.88212E-01
3.60683E+01	7.28261E-01
3.61682E+01	5.31328E-01
3.62681E+01	3.10107E-01
3.63680E+01	7.72088E-02
3.64679E+01	-1.54799E-01
3.65678E+01	-3.73346E-01
3.66677E+01	-5.65810E-01
3.67677E+01	-7.19465E-01
3.68676E+01	-8.21431E-01
3.69675E+01	-8.58623E-01
3.70674E+01	-8.20346E-01
3.71673E+01	-7.14405E-01
3.72672E+01	-5.56472E-01
3.73671E+01	-3.62047E-01
3.74670E+01	-1.46487E-01
3.75670E+01	7.49354E-02
3.76669E+01	2.86971E-01
3.77668E+01	4.74334E-01
3.78667E+01	6.21640E-01
3.79666E+01	7.13347E-01
3.80665E+01	7.36222E-01
3.81664E+01	6.95254E-01
3.82663E+01	6.03387E-01
3.83662E+01	4.73399E-01
3.84662E+01	3.17918E-01
3.85661E+01	1.49472E-01
3.86660E+01	-1.94637E-02
3.87659E+01	-1.76415E-01
3.88658E+01	-3.08860E-01
3.89657E+01	-4.04180E-01
3.90656E+01	-4.51358E-01
3.91655E+01	-4.52312E-01
3.92655E+01	-4.14751E-01
3.93654E+01	-3.46263E-01
3.94653E+01	-2.54313E-01
3.95652E+01	-1.46270E-01
3.96651E+01	-2.94447E-02
3.97650E+01	8.88908E-02
3.98649E+01	2.01469E-01
3.99648E+01	3.00999E-01
4.00648E+01	3.80823E-01
4.01647E+01	4.39479E-01
4.02646E+01	4.77881E-01
4.03645E+01	4.96877E-01
4.04644E+01	4.97240E-01
4.05643E+01	4.79666E-01
4.06642E+01	4.44782E-01
4.07641E+01	3.93147E-01
4.08641E+01	3.25252E-01
4.09640E+01	2.41526E-01
4.10639E+01	1.42714E-01
4.11638E+01	3.25302E-02
4.12637E+01	-8.39086E-02
4.13636E+01	-2.01502E-01
4.14635E+01	-3.15154E-01
4.15634E+01	-4.19753E-01
4.16633E+01	-5.10152E-01
4.17633E+01	-5.81147E-01
4.18632E+01	-6.27457E-01
4.19631E+01	-6.43706E-01
4.20630E+01	-6.25304E-01
4.21629E+01	-5.74961E-01
4.22628E+01	-4.98903E-01
4.23627E+01	-4.03275E-01
4.24626E+01	-2.94150E-01
4.25626E+01	-1.77542E-01
4.26625E+01	-5.94400E-02
4.27624E+01	5.41753E-02
4.28623E+01	1.57305E-01
4.29622E+01	2.43908E-01
4.30621E+01	3.08534E-01
4.31620E+01	3.51167E-01
4.32619E+01	3.74473E-01
4.33619E+01	3.81062E-01
4.34618E+01	3.73480E-01
4.35617E+01	3.54216E-01
4.36616E+01	3.25711E-01
4.37615E+01	2.90372E-01
4.38614E+01	2.50578E-01
4.39613E+01	2.08689E-01
4.40612E+01	1.66884E-01
4.41612E+01	1.25824E-01
4.42611E+01	8.53894E-02
4.43610E+01	4.54604E-02
4.44609E+01	5.91726E-03
4.45608E+01	-3.33579E-02
4.46607E+01	-7.24817E-02
4.47606E+01	-1.11570E-01
4.48605E+01	-1.50740E-01
4.49604E+01	-1.90107E-01
4.50604E+01	-2.29681E-01
4.51603E+01	-2.68523E-01
4.52602E+01	-3.05188E-01
4.53601E+01	-3.38217E-01
4.54600E+01	-3.66138E-01
4.55599E+01	-3.87460E-01
4.56598E+01	-4.00663E-01
4.57597E+01	-4.04197E-01
4.58597E+01	-3.96473E-01
4.59596E+01	-3.75858E-01
4.60595E+01	-3.40956E-01
4.61594E+01	-2.92968E-01
4.62593E+01	-2.34475E-01
4.63592E+01	-1.68032E-01
4.64591E+01	-9.61605E-02
4.65590E+01	-2.13608E-02
4.66590E+01	5.38776E-02
4.67589E+01	1.27067E-01
4.68588E+01	1.95713E-01
4.69587E+01	2.57301E-01
4.70586E+01	3.09452E-01
4.71585E+01	3.51280E-01
4.72584E+01	3.82706E-01
4.73583E+01	4.03618E-01
4.74583E+01	4.13862E-01
4.75582E+01	4.13244E-01
4.76581E+01	4.01525E-01
4.77580E+01	3.78422E-01
4.78579E+01	3.43608E-01
4.79578E+01	2.96709E-01
4.80577E+01	2.37583E-01
4.81576E+01	1.68773E-01
4.82575E+01	9.43273E-02
4.83575E+01	1.82929E-02
4.84574E+01	-5.52915E-02
4.85573E+01	-1.22377E-01
4.86572E+01	-1.78889E-01
4.87571E+01	-2.20711E-01
4.88570E+01	-2.43669E-01
4.89569E+01	-2.43514E-01
4.90568E+01	-2.16521E-01
4.91568E+01	-1.65070E-01
4.92567E+01	-9.50426E-02
4.93566E+01	-1.22894E-02
4.94565E+01	7.73886E-02
4.95564E+01	1.68218E-01
4.96563E+01	2.54430E-01
4.97562E+01	3.30238E-01
4.98561E+01	3.89813E-01
4.99561E+01	4.27263E-01
5.00560E+01	4.37267E-01
5.01559E+01	4.21256E-01
5.02558E+01	3.84626E-01
5.03557E+01	3.32744E-01
5.04556E+01	2.70919E-01
5.05555E+01	2.04420E-01
5.06554E+01	1.38495E-01
5.07554E+01	7.83968E-02
5.08553E+01	2.94015E-02
5.09552E+01	-3.17218E-03
5.10551E+01	-1.44764E-02
5.11550E+01	-5.33106E-03
5.12549E+01	2.00312E-02
5.13548E+01	5.73923E-02
5.14547E+01	1.02582E-01
5.15546E+01	1.51461E-01
5.16546E+01	1.99904E-01
5.17545E+01	2.43784E-01
5.18544E+01	2.78957E-01
5.19543E+01	3.01245E-01
5.20542E+01	3.06779E-01
5.21541E+01	2.95643E-01
5.22540E+01	2.70353E-01
5.23539E+01	2.33407E-01
5.24539E+01	1.87257E-01
5.25538E+01	1.34317E-01
5.26537E+01	7.69757E-02
5.27536E+01	1.76040E-02
5.28535E+01	-4.14354E-02
5.29534E+01	-9.77783E-02
5.30533E+01	-1.49118E-01
5.31532E+01	-1.93899E-01
5.32532E+01	-2.31034E-01
5.33531E+01	-2.59411E-01
5.34530E+01	-2.77887E-01
5.35529E+01	-2.85276E-01
5.36528E+01	-2.80349E-01
5.37527E+01	-2.61831E-01
5.38526E+01	-2.28390E-01
5.39525E+01	-1.78637E-01
5.40525E+01	-1.11518E-01
5.41524E+01	-3.06468E-02
5.42523E+01	5.73334E-02
5.43522E+01	1.45754E-01
5.44521E+01	2.27946E-01
5.45520E+01	2.97220E-01
5.46519E+01	3.46833E-01
5.47518E+01	3.69962E-01
5.48517E+01	3.59684E-01
5.49517E+01	3.08941E-01
5.50516E+01	2.11523E-01
5.51515E+01	7.33014E-02
5.52514E+01	-9.18257E-02
5.53513E+01	-2.69918E-01
5.54512E+01	-4.47086E-01
5.55511E+01	-6.09438E-01
5.56510E+01	-7.43022E-01
5.57510E+01	-8.33772E-01
5.58509E+01	-8.67455E-01
5.59508E+01	-8.29610E-01
5.60507E+01	-7.07079E-01
5.61506E+01	-5.06307E-01
5.62505E+01	-2.47054E-01
5.63504E+01	5.08901E-02
5.64503E+01	3.67887E-01
5.65503E+01	6.84375E-01
5.66502E+01	9.80788E-01
5.67501E+01	1.23748E+00
5.68500E+01	1.43466E+00
5.69499E+01	1.55228E+00
5.70498E+01	1.57163E+00
5.71497E+01	1.49494E+00
5.72496E+01	1.33895E+00
5.73496E+01	1.12042E+00
5.74495E+01	8.55845E-01
5.75494E+01	5.61538E-01
5.76493E+01	2.53702E-01
5.77492E+01	-5.15169E-02
5.78491E+01	-3.37962E-01
5.79490E+01	-5.89402E-01
5.80489E+01	-7.90350E-01
5.81488E+01	-9.36977E-01
5.82488E+01	-1.03373E+00
5.83487E+01	-1.08503E+00
5.84486E+01	-1.09513E+00
5.85485E+01	-1.06813E+00
5.86484E+01	-1.00796E+00
5.87483E+01	-9.18433E-01
5.88482E+01	-8.03244E-01
5.89481E+01	-6.65985E-01
5.90481E+01	-5.10313E-01
5.91480E+01	-3.41921E-01
5.92479E+01	-1.67999E-01
5.93478E+01	4.25108E-03
5.94477E+01	1.67620E-01
5.95476E+01	3.14865E-01
5.96475E+01	4.38676E-01
5.97474E+01	5.31653E-01
5.98474E+01	5.86275E-01
5.99473E+01	5.94866E-01
6.00472E+01	5.50315E-01
6.01471E+01	4.56008E-01
6.02470E+01	3.23166E-01
6.03469E+01	1.63049E-01
6.04468E+01	-1.31881E-02
6.05467E+01	-1.94455E-01
6.06467E+01	-3.69681E-01
6.07466E+01	-5.27773E-01
6.08465E+01	-6.57567E-01
6.09464E+01	-7.47791E-01
6.10463E+01	-7.87801E-01
6.11462E+01	-7.78471E-01
6.12461E+01	-7.29476E-01
6.13460E+01	-6.50561E-01
6.14459E+01	-5.51353E-01
6.15459E+01	-4.41400E-01
6.16458E+01	-3.30206E-01
6.17457E+01	-2.27271E-01
6.18456E+01	-1.42129E-01
6.19455E+01	-8.43812E-02
6.20454E+01	-6.31032E-02
6.21453E+01	-7.77005E-02
6.22452E+01	-1.20013E-01
6.23452E+01	-1.81783E-01
6.24451E+01	-2.54829E-01
6.25450E+01	-3.31016E-01
6.26449E+01	-4.02219E-01
6.27448E+01	-4.60294E-01
6.28447E+01	-4.97047E-01
6.29446E+01	-5.04198E-01
6.30445E+01	-4.73868E-01
6.31445E+01	-4.06342E-01
6.32444E+01	-3.08433E-01
6.33443E+01	-1.87021E-01
6.34442E+01	-4.88969E-02
6.35441E+01	9.92171E-02
6.36440E+01	2.50638E-01
6.37439E+01	3.98694E-01
6.38438E+01	5.36704E-01
6.39438E+01	6.57942E-01
6.40437E+01	7.55885E-01
6.41436E+01	8.28308E-01
6.42435E+01	8.76493E-01
6.43434E+01	9.01737E-01
6.44433E+01	9.05244E-01
6.45432E+01	8.88133E-01
6.46431E+01	8.51442E-01
6.47430E+01	7.96130E-01
6.48430E+01	7.23084E-01
6.49429E+01	6.33120E-01
6.50428E+01	5.27168E-01
6.51427E+01	4.09223E-01
6.52426E+01	2.85860E-01
6.53425E+01	1.63717E-01
6.54424E+01	4.94340E-02
6.55423E+01	-5.03150E-02
6.56423E+01	-1.28800E-01
6.57422E+01	-1.79207E-01
6.58421E+01	-1.94610E-01
6.59420E+01	-1.67946E-01
6.60419E+01	-9.25847E-02
6.61418E+01	2.75789E-02
6.62417E+01	1.79599E-01
6.63416E+01	3.50355E-01
6.64416E+01	5.26799E-01
6.65415E+01	6.95906E-01
6.66414E+01	8.44623E-01
6.67413E+01	9.59813E-01
6.68412E+01	1.02821E+00
6.69411E+01	1.03637E+00
6.70410E+01	9.71400E-01
6.71409E+01	8.35279E-01
6.72408E+01	6.43010E-01
6.73408E+01	4.09836E-01
6.74407E+01	1.50840E-01
6.75406E+01	-1.18999E-01
6.76405E+01	-3.84744E-01
6.77404E+01	-6.31443E-01
6.78403E+01	-8.44067E-01
6.79402E+01	-1.00745E+00
6.80401E+01	-1.10694E+00
6.81401E+01	-1.14100E+00
6.82400E+01	-1.11994E+00
6.83399E+01	-1.05424E+00
6.84398E+01	-9.54252E-01
6.85397E+01	-8.30160E-01
6.86396E+01	-6.92065E-01
6.87395E+01	-5.50011E-01
6.88394E+01	-4.14024E-01
6.89394E+01	-2.94158E-01
6.90393E+01	-2.00155E-01
6.91392E+01	-1.34409E-01
6.92391E+01	-9.25544E-02
6.93390E+01	-7.00590E-02
6.94389E+01	-6.24692E-02
6.95388E+01	-6.53895E-02
6.96387E+01	-7.44665E-02
6.97387E+01	-8.53707E-02
6.98386E+01	-9.37801E-02
6.99385E+01	-9.53627E-02
7.00384E+01	-8.59245E-02
7.01383E+01	-6.46583E-02
7.02382E+01	-3.39489E-02
7.03381E+01	3.72953E-03
7.04380E+01	4.59304E-02
7.05379E+01	9.02249E-02
7.06379E+01	1.34193E-01
7.07378E+01	1.75412E-01
7.08377E+01	2.11449E-01
7.09376E+01	2.39853E-01
7.10375E+01	2.58223E-01
7.11374E+01	2.65936E-01
7.12373E+01	2.64082E-01
7.13372E+01	2.53785E-01
7.14372E+01	2.36135E-01
7.15371E+01	2.12193E-01
7.16370E+01	1.82995E-01
7.17369E+01	1.49556E-01
7.18368E+01	1.12876E-01
7.19367E+01	7.39402E-02
7.20366E+01	3.37512E-02
7.21365E+01	-6.10657E-03
7.22365E+01	-4.34678E-02
7.23364E+01	-7.61326E-02
7.24363E+01	-1.01883E-01
7.25362E+01	-1.18472E-01
7.26361E+01	-1.23619E-01
7.27360E+01	-1.14996E-01
7.28359E+01	-9.02215E-02
7.29358E+01	-4.68500E-02
7.30358E+01	1.74384E-02
7.31357E+01	1.00370E-01
7.32356E+01	1.95017E-01
7.33355E+01	2.94285E-01
7.34354E+01	3.91101E-01
7.35353E+01	4.78382E-01
7.36352E+01	5.49005E-01
7.37351E+01	5.95784E-01
7.38350E+01	6.11435E-01
7.39350E+01	5.88556E-01
7.40349E+01	5.19968E-01
7.41348E+01	4.07595E-01
7.42347E+01	2.62797E-01
7.43346E+01	9.72524E-02
7.44345E+01	-7.74461E-02
7.45344E+01	-2.49740E-01
7.46343E+01	-4.08062E-01
7.47343E+01	-5.40789E-01
7.48342E+01	-6.36196E-01
7.49341E+01	-6.82413E-01
7.50340E+01	-6.67886E-01
7.51339E+01	-5.93905E-01
7.52338E+01	-4.75386E-01
7.53337E+01	-3.27736E-01
7.54336E+01	-1.66246E-01
7.55336E+01	-6.15132E-03
7.56335E+01	1.37306E-01
7.57334E+01	2.48817E-01
7.58333E+01	3.12950E-01
7.59332E+01	3.14082E-01
7.60331E+01	2.36974E-01
7.61330E+01	8.28926E-02
7.62329E+01	-1.28973E-01
7.63329E+01	-3.78750E-01
7.64328E+01	-6.46716E-01
7.65327E+01	-9.13222E-01
7.66326E+01	-1.15861E+00
7.67325E+01	-1.36314E+00
7.68324E+01	-1.50692E+00
7.69323E+01	-1.56980E+00
7.70322E+01	-1.53200E+00
7.71321E+01	-1.39235E+00
7.72321E+01	-1.17035E+00
7.73320E+01	-8.86294E-01
7.74319E+01	-5.60198E-01
7.75318E+01	-2.11929E-01
7.76317E+01	1.38735E-01
7.77316E+01	4.72027E-01
7.78315E+01	7.68111E-01
7.79314E+01	1.00700E+00
7.80314E+01	1.16898E+00
7.81313E+01	1.24804E+00
7.82312E+01	1.25379E+00
7.83311E+01	1.19641E+00
7.84310E+01	1.08583E+00
7.85309E+01	9.31762E-01
7.86308E+01	7.43751E-01
7.87307E+01	5.31208E-01
7.88307E+01	3.03447E-01
7.89306E+01	6.97209E-02
7.90305E+01	-1.60788E-01
7.91304E+01	-3.80371E-01
7.92303E+01	-5.82995E-01
7.93302E+01	-7.62658E-01
7.94301E+01	-9.13269E-01
7.95300E+01	-1.02862E+00
7.96300E+01	-1.10236E+00
7.97299E+01	-1.12798E+00
7.98298E+01	-1.09879E+00
7.99297E+01	-1.00785E+00
8.00296E+01	-8.48350E-01
8.01295E+01	-6.24232E-01
8.02294E+01	-3.52276E-01
8.03293E+01	-4.98372E-02
8.04292E+01	2.65847E-01
8.05292E+01	5.77593E-01
8.06291E+01	8.68202E-01
8.07290E+01	1.12039E+00
8.08289E+01	1.31673E+00
8.09288E+01	1.43955E+00
8.10287E+01	1.47137E+00
8.11286E+01	1.40954E+00
8.12285E+01	1.26953E+00
8.13285E+01	1.06764E+00
8.14284E+01	8.19904E-01
8.15283E+01	5.42178E-01
8.16282E+01	2.50206E-01
8.17281E+01	-4.03295E-02
8.18280E+01	-3.13737E-01
8.19279E+01	-5.54259E-01
8.20278E+01	-7.46276E-01
8.21278E+01	-8.83508E-01
8.22277E+01	-9.71311E-01
8.23276E+01	-1.01559E+00
8.24275E+01	-1.02207E+00
8.25274E+01	-9.96331E-01
8.26273E+01	-9.43835E-01
8.27272E+01	-8.69925E-01
8.28271E+01	-7.79865E-01
8.29270E+01	-6.78854E-01
8.30270E+01	-5.72021E-01
8.31269E+01	-4.63471E-01
8.32268E+01	-3.56026E-01
8.33267E+01	-2.52428E-01
8.34266E+01	-1.55437E-01
8.35265E+01	-6.78374E-02
8.36264E+01	7.54872E-03
8.37263E+01	6.78510E-02
8.38263E+01	1.10140E-01
8.39262E+01	1.31413E-01
8.40261E+01	1.28666E-01
8.41260E+01	1.01837E-01
8.42259E+01	5.47347E-02
8.43258E+01	-8.64651E-03
8.44257E+01	-8.43771E-02
8.45256E+01	-1.68576E-01
8.46256E+01	-2.57396E-01
8.47255E+01	-3.47008E-01
8.48254E+01	-4.33586E-01
8.49253E+01	-5.13291E-01
8.50252E+01	-5.82296E-01
8.51251E+01	-6.38232E-01
8.52250E+01	-6.80686E-01
8.53249E+01	-7.09331E-01
8.54249E+01	-7.23783E-01
8.55248E+01	-7.23606E-01
8.56247E+01	-7.08301E-01
8.57246E+01	-6.77314E-01
8.58245E+01	-6.30026E-01
8.59244E+01	-5.65754E-01
8.60243E+01	-4.83823E-01
8.61242E+01	-3.86653E-01
8.62241E+01	-2.80935E-01
8.63241E+01	-1.73635E-01
8.64240E+01	-7.17116E-02
8.65239E+01	1.78533E-02
8.66238E+01	8.80298E-02
8.67237E+01	1.31711E-01
8.68236E+01	1.41686E-01
8.69235E+01	1.10610E-01
8.70234E+01	3.11526E-02
8.71234E+01	-9.60651E-02
8.72233E+01	-2.59232E-01
8.73232E+01	-4.45834E-01
8.74231E+01	-6.43447E-01
8.75230E+01	-8.39694E-01
8.76229E+01	-1.02219E+00
8.77228E+01	-1.17849E+00
8.78227E+01	-1.29607E+00
8.79227E+01	-1.36221E+00
8.80226E+01	-1.36426E+00
8.81225E+01	-1.30042E+00
8.82224E+01	-1.18453E+00
8.83223E+01	-1.03146E+00
8.84222E+01	-8.55937E-01
8.85221E+01	-6.72592E-01
8.86220E+01	-4.96024E-01
8.87220E+01	-3.40861E-01
8.88219E+01	-2.21816E-01
8.89218E+01	-1.53744E-01
8.90217E+01	-1.51516E-01
8.91216E+01	-2.20649E-01
8.92215E+01	-3.52872E-01
8.93214E+01	-5.39045E-01
8.94213E+01	-7.70241E-01
8.95212E+01	-1.03771E+00
8.96212E+01	-1.33285E+00
8.97211E+01	-1.64715E+00
8.98210E+01	-1.97221E+00
8.99209E+01	-2.29965E+00
9.00208E+01	-2.62114E+00
9.01207E+01	-2.93161E+00
9.02206E+01	-3.23078E+00
9.03205E+01	-3.51872E+00
9.04205E+01	-3.79547E+00
9.05204E+01	-4.06101E+00
9.06203E+01	-4.31530E+00
9.07202E+01	-4.55822E+00
9.08201E+01	-4.78965E+00
9.09200E+01	-5.00938E+00
9.10199E+01	-5.21723E+00
9.11198E+01	-5.41566E+00
9.12198E+01	-5.61125E+00
9.13197E+01	-5.81092E+00
9.14196E+01	-6.02160E+00
9.15195E+01	-6.25026E+00
9.16194E+01	-6.50397E+00
9.17193E+01	-6.78986E+00
9.18192E+01	-7.11521E+00
9.19191E+01	-7.48744E+00
9.20191E+01	-7.91405E+00
9.21190E+01	-8.39431E+00
9.22189E+01	-8.91454E+00
9.23188E+01	-9.46004E+00
9.24187E+01	-1.00162E+01
9.25186E+01	-1.05685E+01
9.26185E+01	-1.11024E+01
9.27184E+01	-1.16031E+01
9.28183E+01	-1.20560E+01
9.29182E+01	-1.24461E+01
9.30182E+01	-1.27581E+01
9.31181E+01	-1.29743E+01
9.32180E+01	-1.30731E+01
9.33179E+01	-1.30320E+01
9.34178E+01	-1.28280E+01
9.35177E+01	-1.24376E+01
9.36176E+01	-1.18363E+01
9.37176E+01	-1.09989E+01
9.38175E+01	-9.89943E+00
9.39174E+01	-8.51060E+00
9.40173E+01	-6.80455E+00
9.41172E+01	-4.78213E+00
9.42171E+01	-2.49236E+00
9.43170E+01	1.22275E-02
9.44169E+01	2.67993E+00
9.45169E+01	5.45970E+00
9.46168E+01	8.30093E+00
9.47167E+01	1.11532E+01
9.48166E+01	1.39663E+01
9.49165E+01	1.66897E+01
9.50164E+01	1.92725E+01
9.51163E+01	2.16650E+01
9.52162E+01	2.38188E+01
9.53162E+01	2.56852E+01
9.54161E+01	2.72142E+01
9.55160E+01	2.83543E+01
9.56159E+01	2.90528E+01
9.57158E+01	2.92550E+01
9.58157E+01	2.89043E+01
9.59156E+01	2.79420E+01
9.60155E+01	2.63076E+01
9.61154E+01	2.40007E+01
9.62153E+01	2.11264E+01
9.63153E+01	1.77985E+01
9.64152E+01	1.41287E+01
9.65151E+01	1.02276E+01
9.66150E+01	6.20467E+00
9.67149E+01	2.16904E+00
9.68148E+01	-1.77025E+00
9.69147E+01	-5.50376E+00
9.70147E+01	-8.92165E+00
9.71146E+01	-1.19467E+01
9.72145E+01	-1.45601E+01
9.73144E+01	-1.67476E+01
9.74143E+01	-1.84931E+01
9.75142E+01	-1.97789E+01
9.76141E+01	-2.05853E+01
9.77140E+01	-2.08911E+01
9.78140E+01	-2.06726E+01
9.79139E+01	-1.99044E+01
9.80138E+01	-1.85592E+01
9.81137E+01	-1.66494E+01
9.82136E+01	-1.42609E+01
9.83135E+01	-1.14857E+01
9.84134E+01	-8.41426E+00
9.85133E+01	-5.13592E+00
9.86132E+01	-1.73917E+00
9.87132E+01	1.68797E+00
9.88131E+01	5.05759E+00
9.89130E+01	8.28155E+00
9.90129E+01	1.12713E+01
9.91128E+01	1.39573E+01
9.92127E+01	1.63051E+01
9.93126E+01	1.82832E+01
9.94125E+01	1.98585E+01
9.95124E+01	2.09964E+01
9.96124E+01	2.16604E+01
9.97123E+01	2.18123E+01
9.98122E+01	2.14118E+01
9.99121E+01	2.04164E+01
1.00012E+02	1.87818E+01
1.00112E+02	1.65163E+01
1.00212E+02	1.37305E+01
1.00312E+02	1.05445E+01
1.00412E+02	7.07714E+00
1.00512E+02	3.44589E+00
1.00611E+02	-2.32330E-01
1.00711E+02	-3.84080E+00
1.00811E+02	-7.26252E+00
1.00911E+02	-1.03798E+01
1.01011E+02	-1.30740E+01
1.01111E+02	-1.52672E+01
1.01211E+02	-1.69621E+01
1.01311E+02	-1.81689E+01
1.01411E+02	-1.88957E+01
1.01511E+02	-1.91489E+01
1.01611E+02	-1.89329E+01
1.01711E+02	-1.82504E+01
1.01810E+02	-1.71021E+01
1.01910E+02	-1.54868E+01
1.02010E+02	-1.34020E+01
1.02110E+02	-1.08764E+01
1.02210E+02	-8.00340E+00
1.02310E+02	-4.88311E+00
1.02410E+02	-1.61448E+00
1.02510E+02	1.70404E+00
1.02610E+02	4.97425E+00
1.02710E+02	8.09771E+00
1.02810E+02	1.09754E+01
1.02909E+02	1.35075E+01
1.03009E+02	1.55927E+01
1.03109E+02	1.71663E+01
1.03209E+02	1.82389E+01
1.03309E+02	1.88288E+01
1.03409E+02	1.89522E+01
1.03509E+02	1.86235E+01
1.03609E+02	1.78555E+01
1.03709E+02	1.66589E+01
1.03809E+02	1.50430E+01
1.03909E+02	1.30154E+01
1.04009E+02	1.05822E+01
1.04108E+02	7.77945E+00
1.04208E+02	4.70819E+00
1.04308E+02	1.47656E+00
1.04408E+02	-1.80788E+00
1.04508E+02	-5.03781E+00
1.04608E+02	-8.10567E+00
1.04708E+02	-1.09033E+01
1.04808E+02	-1.33213E+01
1.04908E+02	-1.52491E+01
1.05008E+02	-1.65742E+01
1.05108E+02	-1.72382E+01
1.05207E+02	-1.73005E+01
1.05307E+02	-1.68340E+01
1.05407E+02	-1.59095E+01
1.05507E+02	-1.45958E+01
1.05607E+02	-1.29603E+01
1.05707E+02	-1.10692E+01
1.05807E+02	-8.98737E+00
1.05907E+02	-6.77930E+00
1.06007E+02	-4.50874E+00
1.06107E+02	-2.23349E+00
1.06207E+02	1.35616E-03
1.06306E+02	2.15222E+00
1.06406E+02	4.17520E+00
1.06506E+02	6.02588E+00
1.06606E+02	7.65918E+00
1.06706E+02	9.02913E+00
1.06806E+02	1.00888E+01
1.06906E+02	1.07898E+01
1.07006E+02	1.10828E+01
1.07106E+02	1.09477E+01
1.07206E+02	1.04323E+01
1.07306E+02	9.59259E+00
1.07406E+02	8.48341E+00
1.07505E+02	7.15835E+00
1.07605E+02	5.67021E+00
1.07705E+02	4.07114E+00
1.07805E+02	2.41285E+00
1.07905E+02	7.46828E-01
1.08005E+02	-8.75515E-01
1.08105E+02	-2.41035E+00
1.08205E+02	-3.83146E+00
1.08305E+02	-5.11468E+00
1.08405E+02	-6.23532E+00
1.08505E+02	-7.16802E+00
1.08604E+02	-7.88671E+00
1.08704E+02	-8.36445E+00
1.08804E+02	-8.57337E+00
1.08904E+02	-8.48450E+00
1.09004E+02	-8.06782E+00
1.09104E+02	-7.31744E+00
1.09204E+02	-6.28642E+00
1.09304E+02	-5.03542E+00
1.09404E+02	-3.62423E+00
1.09504E+02	-2.11203E+00
1.09604E+02	-5.57576E-01
1.09703E+02	9.80543E-01
1.09803E+02	2.44366E+00
1.09903E+02	3.77282E+00
1.10003E+02	4.90860E+00
1.10103E+02	5.81018E+00
1.10203E+02	6.48280E+00
1.10303E+02	6.93784E+00
1.10403E+02	7.18578E+00
1.10503E+02	7.23630E+00
1.10603E+02	7.09829E+00
1.10703E+02	6.77990E+00
1.10803E+02	6.28856E+00
1.10902E+02	5.63103E+00
1.11002E+02	4.81342E+00
1.11102E+02	3.85114E+00
1.11202E+02	2.78367E+00
1.11302E+02	1.65386E+00
1.11402E+02	5.04303E-01
1.11502E+02	-6.22471E-01
1.11602E+02	-1.68385E+00
1.11702E+02	-2.63696E+00
1.11802E+02	-3.43851E+00
1.11902E+02	-4.04460E+00
1.12001E+02	-4.41060E+00
1.12101E+02	-4.51218E+00
1.12201E+02	-4.37815E+00
1.12301E+02	-4.04492E+00
1.12401E+02	-3.54809E+00
1.12501E+02	-2.92263E+00
1.12601E+02	-2.20299E+00
1.12701E+02	-1.42328E+00
1.12801E+02	-6.17319E-01
1.12901E+02	1.81135E-01
1.13001E+02	9.38323E-01
1.13101E+02	1.62671E+00
1.13200E+02	2.23518E+00
1.13300E+02	2.75504E+00
1.13400E+02	3.17720E+00
1.13500E+02	3.49221E+00
1.13600E+02	3.69021E+00
1.13700E+02	3.76083E+00
1.13800E+02	3.69326E+00
1.13900E+02	3.47608E+00
1.14000E+02	3.09734E+00
1.14100E+02	2.55709E+00
1.14200E+02	1.88865E+00
1.14299E+02	1.13050E+00
1.14399E+02	3.20752E-01
1.14499E+02	-5.02691E-01
1.14599E+02	-1.30197E+00
1.14699E+02	-2.03914E+00
1.14799E+02	-2.67601E+00
1.14899E+02	-3.17397E+00
1.14999E+02	-3.49392E+00
1.15099E+02	-3.61255E+00
1.15199E+02	-3.55128E+00
1.15299E+02	-3.33859E+00
1.15398E+02	-3.00234E+00
1.15498E+02	-2.56991E+00
1.15598E+02	-2.06832E+00
1.15698E+02	-1.52429E+00
1.15798E+02	-9.64385E-01
1.15898E+02	-4.15098E-01
1.15998E+02	9.70316E-02
1.16098E+02	5.51365E-01
1.16198E+02	9.44097E-01
1.16298E+02	1.27417E+00
1.16398E+02	1.54028E+00
1.16498E+02	1.74088E+00
1.16597E+02	1.87414E+00
1.16697E+02	1.93798E+00
1.16797E+02	1.93005E+00
1.16897E+02	1.84771E+00
1.16997E+02	1.68802E+00
1.17097E+02	1.45236E+00
1.17197E+02	1.15517E+00
1.17297E+02	8.13028E-01
1.17397E+02	4.42366E-01
1.17497E+02	5.94850E-02
1.17597E+02	-3.19357E-01
1.17696E+02	-6.77886E-01
1.17796E+02	-9.99750E-01
1.17896E+02	-1.26845E+00
1.17996E+02	-1.46728E+00
1.18096E+02	-1.58469E+00
1.18196E+02	-1.62494E+00
1.18296E+02	-1.59497E+00
1.18396E+02	-1.50145E+00
1.18496E+02	-1.35078E+00
1.18596E+02	-1.14917E+00
1.18696E+02	-9.02587E-01
1.18795E+02	-6.16847E-01
1.18895E+02	-2.97603E-01
1.18995E+02	4.96247E-02
1.19095E+02	4.18295E-01
1.19195E+02	7.98505E-01
1.19295E+02	1.17974E+00
1.19395E+02	1.55150E+00
1.19495E+02	1.90322E+00
1.19595E+02	2.22429E+00
1.19695E+02	2.50396E+00
1.19795E+02	2.73132E+00
1.19895E+02	2.89525E+00
